3624,2552,2122,1746,1541,1414,1256,2214,2469,1498,647,356,164,100,38,8,16,11,10,4,14,0,0,1,0,0,0,0,0,2
22291,16012,14588,13051,12316,11146,9917,19739,15436,9113,3957,1746,1087,754,749,148,118,66,49,63,148,1,1,0,0,1,0,0,0,17
15730,13862,13240,11492,9746,8444,7351,13706,11019,5708,2826,1626,1002,605,480,120,97,50,34,22,96,1,0,2,0,2,0,0,3,25
84342,69298,67337,61218,54968,46702,39535,71716,68492,36126,16444,7923,3833,2560,2254,525,602,167,175,246,438,3,3,4,0,6,0,1,5,90
4473,3773,3018,2406,2138,1897,1769,3231,2867,2330,771,151,157,152,76,16,11,0,4,2,10,0,0,0,0,0,0,0,0,2
50561,42535,37462,32871,28509,24097,20194,35174,30846,16559,8561,4688,3298,2703,2758,304,261,94,106,72,248,0,1,3,0,2,1,5,3,30
81163,68350,61087,52209,44886,38054,33823,61123,42260,26879,13958,8406,6068,5145,3883,780,942,239,338,291,1170,6,3,11,2,8,2,6,7,142
111669,97955,88754,72067,54814,41678,32243,45448,51584,56078,47769,18929,12826,7995,5286,1042,1007,279,355,207,528,18,5,12,5,6,4,14,12,218
8023,5441,3823,2950,2309,2122,1964,3190,4046,2882,1607,913,375,320,526,47,25,14,20,18,40,0,0,0,0,0,0,0,0,2
63295,52632,46689,38111,28982,23093,18566,27003,27472,25170,22613,11250,7719,4846,4369,700,640,240,256,195,382,2,2,3,1,3,0,6,3,81
2651,2013,1562,1344,1157,986,936,1962,1522,1214,802,234,126,116,141,6,15,6,2,8,18,0,0,0,0,0,0,0,0,1
36590,28507,24210,20822,17605,14401,12367,20916,23440,15558,7642,3003,2067,1219,1431,239,199,117,111,158,416,3,1,3,1,2,1,4,4,40
103881,77698,68959,61278,52579,45010,38643,67914,77227,49911,21294,9516,3773,2126,1509,257,300,86,56,53,219,0,0,1,0,0,0,1,2,32
58103,41160,33266,25212,19385,15483,13092,19800,22808,19636,13898,6332,4409,3629,4733,727,583,313,332,297,769,12,2,2,0,6,0,6,8,46
3042,1964,1335,980,725,666,504,845,1110,895,621,234,231,216,336,14,13,6,4,0,13,1,0,0,0,0,0,0,0,1
163802,156012,150684,136051,121289,104515,88264,164112,126713,74128,36863,13276,7806,5933,4523,922,930,287,264,215,625,9,3,9,1,4,6,7,7,157
5895,6618,6408,5757,5177,4731,3918,3396,3049,2724,4628,5184,3734,2210,1610,835,563,448,379,305,198,110,3,14,2,2,4,8,0,4
3722,3373,2895,2198,1805,1589,1267,2000,2047,1316,1001,538,323,195,221,28,22,12,12,6,22,0,0,0,0,2,0,0,0,1
20928,18702,16969,15149,13682,11559,10672,18998,15899,10257,4206,1413,905,458,519,69,72,22,18,13,37,0,0,0,0,0,0,0,3,20
14373,11061,9397,7517,6022,5033,4092,6761,7574,6225,4302,1702,1032,741,472,103,98,33,38,26,48,1,2,2,0,0,0,1,2,23
3662,3216,2704,2174,1857,1437,1343,2453,1750,1106,568,420,372,272,220,30,23,20,8,10,32,0,0,0,0,0,0,0,0,7
9392,8755,8066,6945,6130,5399,4712,6317,7989,4579,2154,1054,647,488,316,401,68,53,36,32,22,49,59,0,0,0,0,0,0,1
95358,71785,57975,39569,27922,20400,16450,20182,37128,45078,31887,11783,8212,8173,8435,919,833,437,503,403,683,11,0,7,2,7,1,2,7,107
19998,18740,16964,15407,13566,11236,9083,17096,13807,6903,3468,1838,1082,764,434,56,54,12,14,12,32,0,0,0,0,0,0,0,0,5
13269,12033,10898,10149,9389,8396,7678,17101,11661,5156,1531,413,238,113,52,5,12,0,2,1,14,0,1,0,0,0,0,0,0,5
2513,2419,1936,1547,1397,1288,1318,2631,1902,750,549,181,166,45,44,7,15,0,1,2,6,0,1,0,0,0,0,1,0,3
7612,6338,5491,4495,3952,3598,3078,6161,4743,2510,1278,580,328,268,195,17,19,9,10,10,9,0,0,0,0,0,0,0,0,4
3565,2881,2607,2269,1887,1538,1223,2105,2104,1369,590,218,170,178,204,14,20,6,8,10,48,0,0,0,0,0,0,0,0,2
103068,58466,38902,28756,23063,18896,16622,25472,26828,21305,13987,6309,5739,9178,23749,1124,468,117,173,239,789,3,1,2,0,0,0,0,1,15
21676,21823,21427,20013,18351,16450,13845,27372,16795,7061,3635,1951,1199,920,738,146,137,74,68,68,126,1,0,2,0,0,1,0,0,20
3271,2223,1634,1296,989,773,672,1230,1677,1118,521,258,126,129,114,11,8,0,2,4,26,0,0,0,0,0,0,2,0,2
49806,38472,37374,33988,29230,26038,23493,34757,39384,32472,11761,4837,1258,611,277,139,193,55,50,39,128,1,0,1,0,0,0,0,1,16
2422,2137,1906,1595,1471,1419,1271,3110,1439,1009,463,233,113,98,72,24,10,1,8,6,39,0,0,0,0,1,0,0,1,7
27847,20610,16098,11903,9091,7264,6241,9930,11405,8344,5119,2637,2099,2139,2435,284,288,118,190,191,331,9,2,5,0,3,0,5,6,24
113841,105596,87821,62537,50106,41267,33891,50056,47749,36209,25009,16630,17229,15461,8031,1216,1097,529,560,511,970,9,5,10,7,13,2,7,9,154
62573,66801,64735,60196,55486,49446,44788,92990,56158,23592,11044,3473,2097,1389,1398,69,88,32,26,27,122,1,0,1,0,0,0,1,0,19
18048,15108,13565,11894,10187,8935,7683,14405,11752,8094,4104,1573,904,608,578,110,96,25,37,31,63,0,1,0,0,0,0,0,1,12
3995,3872,3949,3710,3428,3288,2936,6202,3729,1468,389,149,52,16,20,7,8,2,0,0,8,0,0,0,0,0,0,0,0,1
2383,2049,1845,1686,1695,1431,1316,1191,1042,989,1626,2160,1769,1044,585,250,138,60,33,18,2,12,0,3,0,0,0,0,2,4
2125,1910,1811,1783,1683,1617,1438,1336,1191,1001,999,1697,2163,1628,1185,661,329,154,103,72,73,30,16,17,0,0,8,0,1,1
5960,5568,4911,4221,3897,3409,2983,2672,2142,1933,2136,3637,3785,2417,1496,787,564,303,341,273,332,345,10,11,7,4,4,4,4,2
8731,7769,7021,6293,5593,5251,4931,12188,6885,2872,1058,357,178,129,64,17,10,2,12,8,10,0,0,0,0,0,0,0,0,2
1605,1252,1072,984,870,853,1081,2815,946,327,204,83,52,28,28,3,6,6,0,2,12,0,0,0,0,0,0,0,0,2
6163,6632,6453,5751,5206,4329,3730,7676,5403,2528,867,438,218,91,85,17,18,8,10,8,19,1,0,0,0,0,0,0,2,3
20646,16490,12987,10601,8864,6860,5580,8066,9560,6954,3703,1772,1150,1283,2809,73,60,34,34,54,106,0,0,0,0,0,0,1,1,2
26831,19310,14436,10689,7874,5903,4700,6484,5792,4448,3191,2804,2270,2343,5858,245,247,134,106,164,558,1,0,0,0,1,0,0,2,6
26007,24275,22226,19916,18185,16531,15179,29292,19190,9419,7734,2303,1388,966,1317,146,204,67,48,79,158,1,0,5,2,2,1,2,3,36
3809,3103,2801,2300,1813,1497,1315,1202,1125,1038,995,1359,2178,2012,1499,1014,749,374,310,162,156,138,69,55,2,0,0,0,0,2
5319,3993,3481,2918,2292,1956,1606,3075,3009,2450,1693,400,273,187,70,13,36,7,1,4,13,0,0,1,0,0,1,1,1,4
4572,3330,2436,1947,1491,1238,1086,1901,2259,1324,590,322,217,193,323,18,14,12,10,18,22,0,0,0,0,0,0,0,0,2
2417,2015,1553,1235,981,1008,816,1715,1730,868,386,215,129,76,82,7,8,2,4,2,8,0,0,0,0,0,0,0,0,3
4747,4498,4092,3441,3069,2662,2267,4212,3384,1446,582,387,202,217,212,38,15,8,13,18,44,0,0,0,0,2,0,0,0,7
5836,4740,3831,3038,2382,2086,1701,3085,2679,1737,862,526,399,350,271,32,0,6,8,6,28,1,0,0,0,0,0,0,0,1
3050,2668,2508,2436,2028,1657,1376,1878,3268,2190,1037,347,114,44,24,21,2,2,0,4,0,0,4,1,0,0,0,0,0,1
23415,22129,22424,21548,20258,17435,14512,26300,20697,9938,3556,1775,917,678,384,134,191,58,70,81,134,2,1,2,0,1,0,0,2,29
2915,2361,1958,1517,1357,1148,946,1658,1349,959,662,422,197,213,119,19,18,5,7,2,18,0,0,1,0,0,0,0,0,6
164680,164731,159328,148684,137346,123052,110993,235541,157836,63816,24451,7999,3775,2429,1620,285,262,47,49,31,186,4,1,3,1,0,0,2,5,48
22893,18365,15183,12452,10448,8768,7728,14024,15182,7678,3778,1753,1248,889,605,126,139,50,70,79,146,2,1,2,0,1,0,1,1,19
4115,3648,3378,2801,2526,2144,2003,4363,3364,1529,539,281,125,40,19,2,6,4,1,0,2,0,0,0,0,0,0,0,0,3
2269,1683,1567,1447,1234,1283,1445,3188,1861,794,513,164,80,115,88,19,28,4,2,2,20,0,1,0,0,0,0,1,0,2
3621,2778,2013,1478,1258,1180,1033,2334,1924,958,550,213,157,150,149,16,24,8,6,8,6,0,0,0,0,0,0,0,0,1
2119,2093,1922,1883,1946,1932,1749,1679,1435,1202,2163,2537,1562,802,317,111,48,44,30,54,94,21,17,8,8,6,12,8,4,6
63031,57483,52356,45426,40579,35768,33448,61873,35286,19985,11457,6315,4981,4094,3619,682,619,291,307,239,601,11,6,7,3,11,3,9,7,110
103977,80309,64880,50861,42744,35802,29551,52940,53174,33889,18608,7791,6131,7260,7408,618,599,391,374,284,567,4,0,4,0,6,0,3,5,50
2092,2773,3091,2758,2497,2377,2384,4338,2076,866,262,142,46,14,7,20,10,0,0,0,2,0,0,0,0,1,0,0,0,1
3873,2830,2336,1678,1244,1076,865,1588,1777,1333,779,426,413,231,86,27,23,4,10,6,6,2,0,0,0,0,0,0,0,5
5025,5323,5659,5211,4896,4328,3935,7461,4423,1514,887,600,105,76,53,19,23,8,6,6,32,0,0,1,0,0,0,0,0,4
100280,77859,63634,52550,43825,35872,29902,47521,54727,35701,20489,8702,5738,4797,5740,392,355,157,171,239,599,0,0,3,1,2,0,2,1,14
19719,15203,12309,10076,8480,7153,6442,11418,10703,6502,3795,1829,1188,989,987,107,114,37,53,58,122,1,2,0,1,0,1,0,2,11
3251,2242,1903,1504,1350,1112,1024,1429,1905,1296,784,278,147,85,93,39,21,8,8,12,10,0,0,0,0,1,0,1,0,4
3417,2694,2255,2045,1725,1573,1377,1166,1001,1024,1396,1880,1561,1114,844,395,283,239,169,155,296,214,10,19,22,8,2,4,8,29
20291,16326,14286,12328,9977,8448,7716,14235,11772,8199,5505,2561,1428,1002,874,277,223,89,86,92,159,0,0,2,1,0,0,0,3,31
64528,46467,36661,28053,21073,16088,13285,17778,20591,18815,12095,7489,5267,4494,6674,427,423,226,270,358,617,2,1,2,0,1,0,0,2,26
4363,5231,5094,4463,3942,3849,3863,7668,3584,1307,487,244,143,151,95,25,22,17,16,12,19,1,0,0,0,1,1,0,0,3
3520,2645,1896,1456,1113,839,731,1140,1449,1011,770,408,241,242,284,30,16,11,18,9,30,0,0,0,0,0,0,0,0,7
5965,4600,3658,2641,2121,1736,1371,2150,2313,1687,1304,546,496,452,677,35,16,25,10,10,20,0,0,1,0,1,0,0,0,4
4225,3089,2614,2105,1748,1583,1411,1193,1189,1102,2452,2022,1300,982,1066,368,242,277,307,239,494,554,22,44,11,4,0,18,2,40
4145,3671,2979,2679,2414,2297,2359,4875,2626,1216,917,291,136,119,114,14,17,10,2,0,18,0,0,1,0,0,0,0,0,2
2558,2058,2079,1997,2190,2021,1968,2648,4751,1605,496,199,115,41,82,25,29,8,8,2,2,0,24,0,0,0,0,0,0,1
11686,10449,9534,8493,7795,7433,7002,6056,5653,4785,9154,12254,8792,5334,3290,983,507,249,145,96,39,22,9,6,0,2,1,0,5,4
66906,57270,50118,42645,37544,32232,26581,48974,38520,23254,14364,7954,5409,4021,2572,703,676,318,367,299,587,6,0,5,2,5,1,6,7,119
2478,2104,1837,1664,1547,1436,1327,1166,989,995,2076,2257,1310,686,351,192,139,96,60,106,332,50,10,12,10,8,4,16,14,6
3850,2660,2172,1822,1456,1195,1171,2302,2853,1688,646,191,66,26,29,7,5,2,2,0,8,0,0,0,0,0,0,0,0,1
36950,36052,34439,31787,28017,23939,20304,39314,33672,14767,5507,2391,1152,877,409,83,83,29,19,8,52,0,0,1,0,0,0,0,2,18
2546,1903,1749,1615,1503,1416,1246,1162,1094,919,1485,2014,1658,988,656,301,254,164,124,61,78,45,23,5,2,9,4,3,0,20
9931,10426,10242,9419,7956,6967,6166,12063,8639,4143,1659,778,405,204,151,52,35,15,6,13,43,2,0,0,0,1,0,0,2,10
254766,305665,318731,316218,304498,259933,208179,429274,315070,83014,24523,12343,7797,7740,5655,662,602,216,224,290,567,4,2,2,0,1,2,5,3,74
13493,10463,9214,7508,6520,5462,4502,7813,8482,5218,2767,1310,886,527,456,78,97,56,46,24,91,0,0,1,0,0,0,0,0,6
11439,8971,7964,6584,5101,4251,3449,4579,5768,5053,3187,1560,914,562,403,136,139,28,33,34,124,0,0,0,0,2,1,3,2,15
3339,3152,2696,2205,1831,1605,1453,1297,2182,2397,1355,1064,696,267,244,187,230,52,8,2,7,0,10,2,4,0,0,0,0,1
5877,4990,4491,3729,3126,2544,2053,3265,3541,2603,1238,689,411,239,130,25,13,10,14,10,24,0,0,0,0,1,0,0,2,1
2113,1956,2060,2140,1995,1906,1747,1542,1245,1126,1981,2352,1629,926,593,287,138,130,123,64,76,21,6,4,5,9,5,4,5,7
7849,5650,4448,3327,2695,2169,1939,3043,3481,2693,1491,754,558,535,328,72,62,44,76,38,49,1,0,0,0,3,0,0,2,8
94625,74558,69881,61902,53208,45706,39052,70688,67118,42745,17866,8353,4663,3094,2315,568,484,190,210,140,475,2,2,6,2,2,0,7,10,67
231345,192590,184366,159766,135200,114786,100274,147256,186347,181508,44317,17255,6965,3447,2101,939,1122,185,158,113,591,6,5,11,2,4,3,8,10,149
2890,2795,2245,1713,1611,1504,1386,3163,1938,879,377,169,88,108,136,12,2,6,2,4,12,0,0,0,0,0,0,0,0,4
78105,68084,61156,42171,32111,24910,20259,26025,29910,28751,14891,10500,9198,9841,12172,710,660,220,220,155,464,16,4,9,3,3,6,8,8,143
49225,45057,37949,30809,26404,23374,22684,48405,31602,19002,8183,2469,1548,1053,490,71,66,28,24,20,39,0,0,1,0,0,0,0,0,2
2945,1758,1453,1333,1159,1060,1000,1988,1785,1236,592,459,71,56,24,5,11,2,0,8,20,0,1,0,0,0,0,0,0,3
15398,12850,13046,12487,11254,9649,8157,13986,13582,6996,2294,747,426,164,60,36,24,14,10,10,8,0,1,1,1,1,0,0,1,5
1523,1353,1375,1236,1270,1254,1217,1290,1282,1202,1125,1138,971,1193,2331,2450,1631,1029,438,243,107,61,38,17,4,8,3,0,0,3
91860,127311,133522,131662,136296,132854,134494,298528,95406,16488,4533,1742,1034,535,331,58,84,20,11,14,130,2,1,0,0,0,2,1,0,33
4573,4136,3390,2502,1775,1320,1050,1344,1546,1408,949,644,696,465,245,27,21,13,9,6,9,0,0,0,0,0,0,0,0,5
10411,11807,12506,11703,10376,8338,6443,10845,10803,5236,1797,877,415,210,77,44,16,22,10,11,32,2,1,0,0,0,0,0,0,4
6039,4107,3120,2256,1805,1430,1249,2098,2615,1925,979,503,345,336,255,25,27,8,24,20,28,0,0,0,0,1,0,0,0,6
78125,78211,74953,66770,59993,50800,41914,78166,56492,26017,14682,9182,5734,4092,2373,617,620,243,211,174,437,8,3,6,1,4,4,7,9,111
56370,45684,39060,29781,22915,17784,13867,19197,21382,17863,11960,7432,5558,4908,3595,691,612,292,285,174,306,7,0,3,1,7,0,1,9,81
2135,1870,1720,1523,1284,1097,978,1554,1198,1016,610,342,204,109,78,28,42,0,4,0,18,0,0,0,0,0,0,0,0,8
3222,2132,1639,1283,957,838,640,857,1149,1203,1432,311,326,242,666,51,38,8,16,20,94,0,0,1,0,0,0,1,0,3
76775,65371,60351,53534,46181,37001,29183,49349,52209,36167,15253,7626,5722,4368,2511,383,414,131,129,114,228,2,2,7,1,1,2,1,4,54
2901,2395,2159,1821,1401,1248,984,1850,1928,1297,627,376,202,128,74,28,14,8,4,9,8,0,0,0,0,0,0,1,0,9
4809,4295,3679,3022,2719,2331,1956,2655,3816,2318,1247,494,338,274,225,261,34,16,15,21,11,17,14,0,0,0,0,0,0,1
2604,2896,2591,2338,2078,1754,1569,3001,2254,1068,384,170,102,71,22,13,8,5,6,5,14,0,0,0,0,0,0,0,0,2
2746,1992,1760,1449,1223,1024,964,2142,2546,1130,575,247,141,60,52,8,5,2,2,0,14,0,0,0,0,1,0,0,0,1
73354,64483,59183,53105,47615,41175,36219,67408,51080,27538,13683,6291,3888,3326,2877,466,503,148,162,123,433,5,2,2,1,3,2,1,4,72
3138,2634,2214,1767,1597,1405,1118,2023,2191,1361,555,244,130,94,47,22,24,0,5,1,4,1,0,0,0,0,0,0,0,2
48508,47466,47349,46277,42809,37773,32535,65311,48292,18639,7005,2549,1281,699,725,114,112,30,28,36,148,0,0,0,0,1,2,4,5,30
178984,128836,110546,90256,72848,59679,50618,73544,101062,94034,49689,25594,14977,9202,5493,2091,2663,504,575,463,1002,12,3,10,3,4,2,3,13,266
3980,3122,2318,1655,1383,1249,1122,1723,1998,1189,671,256,265,237,422,14,10,7,10,6,24,0,0,1,0,0,0,0,0,1
207385,218538,210973,192726,177987,161100,153725,336686,185539,75115,24903,9901,5279,2906,1538,369,449,73,70,36,283,5,0,6,1,0,2,3,4,85
14425,10966,8923,6971,5631,4609,3914,6635,8167,5718,3202,1165,1017,678,1220,63,95,36,28,82,128,0,0,0,0,0,0,0,0,6
71816,64569,58533,51227,46102,41766,38515,85690,57069,24702,10077,4277,2412,1410,821,159,123,49,43,40,179,2,0,2,0,3,1,3,3,23
6603,4876,4404,3969,3448,2701,2351,3992,5353,3183,1227,342,137,69,48,30,23,8,6,0,7,0,0,0,0,1,0,1,0,2
9031,6787,5916,5158,4505,3967,3586,7125,6271,3534,1527,803,270,147,55,20,31,16,4,8,18,0,0,0,0,0,1,0,1,6
3186,2398,1817,1553,1055,845,716,609,733,1381,1208,777,501,300,261,304,218,132,22,14,18,6,12,8,34,0,0,0,0,1
104626,93995,92872,88108,80897,65996,51813,89590,82480,40539,23074,9195,7016,5638,6861,1129,1058,595,630,459,858,25,2,15,1,20,5,12,21,225
4268,2561,1849,1425,1062,858,749,833,1389,1007,717,481,340,298,612,67,44,8,16,24,58,0,0,0,0,1,0,1,0,2
13865,12720,11431,10440,9282,7794,6928,13639,10342,5481,2379,1303,808,487,270,70,92,19,26,11,59,0,1,0,0,0,0,1,0,14
2693,2366,2161,1825,1529,1163,966,1663,1632,1073,585,290,184,157,57,27,28,0,18,12,16,0,0,0,0,0,0,0,0,4
4429,4921,4463,3764,3383,2836,2682,5265,3637,1589,644,378,189,108,62,9,11,2,6,2,11,1,0,0,0,0,0,0,0,1
2431,2823,2791,2896,2555,2422,1843,3397,2775,988,322,116,103,31,11,10,5,0,2,2,4,0,0,0,0,0,0,0,0,1
11311,9258,7934,6981,6153,5276,4959,9241,8001,4264,2151,1061,511,444,451,53,47,17,17,6,78,0,0,0,1,0,0,0,0,16
1721,1700,1487,1209,991,984,1116,1656,1419,781,289,93,102,63,41,2,10,4,0,0,6,0,0,0,0,0,0,0,0,1
4860,3295,2904,2227,1645,1303,1009,1726,2178,2394,926,587,309,260,332,22,12,8,4,4,4,0,0,0,0,0,0,0,0,1
17108,15466,14598,13760,12422,10671,8741,17115,14379,7518,2455,965,394,293,159,41,41,15,30,10,20,0,0,1,0,1,0,0,0,6
2549,2384,2136,1705,1547,1442,1314,3270,1929,687,351,261,137,85,24,11,15,6,6,10,22,0,0,0,0,0,0,0,0,4
1369,1358,1426,1579,1550,1591,1559,1439,1227,1228,1021,1017,1487,2289,1796,1079,576,278,104,111,48,70,35,0,4,4,2,0,0,6
68690,50620,41007,33353,27172,23209,20223,35036,35853,24858,14505,7305,4832,3945,3439,508,429,221,200,168,372,4,0,3,0,1,0,3,1,60
3616,2975,2501,2111,1843,1480,1431,2566,2512,1262,574,242,149,117,69,7,0,2,6,2,8,0,0,0,0,0,0,0,0,1
20934,15482,13461,11243,9105,7276,6074,9313,11761,7459,4284,2134,1223,972,1049,134,121,65,73,92,189,0,0,0,1,0,0,1,1,16
7668,6341,6368,5912,5269,4475,3860,6723,5844,2554,1247,803,505,365,248,53,119,28,35,33,123,1,1,0,2,2,0,1,0,9
3131,2930,2513,2145,1846,1555,1398,2587,1957,1069,496,222,218,138,91,13,22,4,14,11,26,0,0,0,0,0,0,0,0,3
204093,188909,186729,162056,132387,106603,84838,123383,142939,122783,46613,23073,13898,8573,4871,1809,2316,529,482,382,994,6,3,13,4,8,3,13,13,237
8188,6860,5826,4574,3648,3058,2784,4854,4463,3189,1782,1016,718,354,194,64,59,30,25,5,26,0,1,0,0,0,0,1,0,6
3228,2831,2405,2174,1909,1781,1552,3815,2980,1038,320,122,25,10,14,4,3,4,6,0,10,0,0,0,0,0,0,1,0,1
2858,2687,2457,2074,2016,1776,1734,3966,2082,803,416,272,126,82,51,9,7,2,10,0,5,1,0,0,0,0,0,0,0,6
44921,35541,29069,23329,19485,16026,13488,23653,23389,13533,7198,3634,2544,2502,2327,186,122,79,103,60,167,1,0,1,0,0,0,1,3,15
41072,30997,27186,22894,18861,15227,12864,18399,22294,17271,8931,4678,3243,1822,1323,362,349,131,119,84,231,4,3,4,0,5,1,3,7,54
2399,1954,1647,1373,1035,741,604,749,1152,935,657,284,239,155,79,28,34,18,10,4,16,0,0,0,0,0,0,0,0,2
85595,77206,68526,58751,51983,46248,43339,98004,60548,29843,15451,5145,2896,1842,1442,198,201,92,95,79,133,0,1,1,2,2,0,0,3,29
14242,12774,11342,9599,7794,6686,5524,8802,7882,4568,2388,1589,968,1056,944,56,64,45,26,41,84,0,1,1,0,1,0,2,2,11
17611,15262,14209,12266,10183,7590,5900,8954,11060,7243,4032,2037,1346,1011,916,153,121,47,45,37,103,4,2,0,0,1,1,2,2,29
1756,1389,1242,1145,1045,1026,922,984,833,879,1847,1673,1062,569,302,131,91,31,77,11,21,15,3,0,22,0,2,0,4,8
42843,31110,26111,22581,19664,17560,15448,30898,31581,21043,10676,5100,3188,1971,1873,214,273,89,78,53,363,2,0,1,0,3,1,1,1,43
66374,60893,55997,47818,39454,31451,24779,34631,42579,28725,14358,6730,4298,2812,1508,269,232,82,102,53,151,3,1,2,1,2,1,5,0,32
35169,25641,20828,16663,14062,11442,9541,14050,16247,12639,7813,4659,3429,2954,2128,675,573,302,369,287,400,13,1,9,5,5,1,1,10,110
7142,5419,4201,3265,2478,2073,1761,2786,3224,2353,1643,782,556,610,651,74,83,63,21,51,138,2,0,0,0,0,0,0,1,8
3348,2423,1922,1404,1124,900,854,1210,1576,1101,904,243,220,215,253,10,30,10,5,0,20,0,0,1,0,0,0,0,0,2
3645,3190,2644,2127,1768,1482,1198,2169,2102,1161,648,310,289,225,204,22,23,12,20,24,80,0,0,0,0,0,0,0,0,1
3033,2641,2587,2148,1903,1566,1344,1846,2222,1024,581,247,154,156,96,37,15,6,6,5,9,0,0,0,0,0,0,0,0,5
12480,8654,6493,4995,4094,3564,3103,5042,6578,4585,2852,829,490,419,477,39,43,28,122,18,42,2,0,1,0,2,0,0,0,3
3398,2831,2521,1998,1688,1546,1151,1907,2014,1039,534,382,244,190,142,23,41,10,10,10,24,1,0,0,0,0,0,0,1,8
59072,46693,36669,29059,23555,19625,17153,27035,31537,21619,11094,5942,4327,3991,3506,389,383,186,205,136,317,3,2,3,3,1,1,2,6,50
3797,3106,2734,2421,2026,1880,1878,3509,3075,1613,523,268,156,62,57,17,5,4,14,0,10,0,0,0,0,0,0,0,0,1
2772,2989,2668,2275,1988,1674,1641,3589,2434,1265,431,219,81,55,34,0,5,0,2,0,6,0,0,0,0,0,0,0,0,2
4422,2943,2186,1607,1290,866,749,1018,1426,1735,1956,414,467,320,493,35,19,20,32,12,58,1,0,0,0,1,0,0,1,3
3239,2530,2087,1748,1464,1350,1094,2102,2324,992,449,281,95,102,68,34,35,21,10,4,10,0,0,0,0,0,0,0,0,3
5743,4183,3257,2645,2048,1658,1563,2219,2681,1956,1394,603,465,416,243,23,44,6,6,7,28,1,1,0,0,0,1,0,0,2
6762,4999,3551,2655,2057,1639,1465,2050,2861,1935,1153,601,391,581,604,15,14,10,18,15,20,0,1,0,0,0,0,0,0,1
4185,2978,2187,1631,1118,993,850,1223,1554,1041,739,399,297,339,331,33,24,16,12,24,68,0,0,0,0,0,0,0,0,2
2642,2307,2174,1918,1787,1596,1431,2873,2232,1115,454,163,65,54,30,9,11,2,4,6,16,0,0,0,0,0,0,1,0,8
11048,7382,5562,4109,3139,2324,2177,2826,3442,4245,4362,1397,1230,1109,1598,102,125,34,63,56,206,0,0,5,0,0,0,4,0,10
12117,9070,8458,7738,7350,6138,5396,8414,8622,5570,3027,1589,806,414,327,105,122,39,26,46,101,1,0,0,0,0,1,0,0,9
148141,144048,138984,124701,107108,87451,69952,118278,116461,58465,25873,13841,8413,5757,3566,745,650,276,221,162,379,7,3,2,2,1,1,5,8,99
4296,4701,4832,4368,3710,2784,2315,3510,3611,2104,942,393,263,128,67,15,24,0,6,0,8,0,0,0,0,0,0,0,0,2
17155,14178,12851,11419,9854,8528,7616,14856,13936,6984,3474,1520,568,361,288,72,53,27,18,11,60,1,0,2,0,0,0,2,1,16
14785,13496,11553,9495,7618,6117,4980,8252,7191,5251,2599,1950,1344,1151,773,134,121,44,50,61,125,0,0,0,0,1,0,0,0,6
2221,1913,1638,1448,1292,1165,1171,2964,1560,644,223,164,74,63,20,8,17,0,0,2,14,0,0,0,0,0,0,1,0,3
24328,18887,15982,13995,12026,9871,8258,13719,16850,10494,4913,2255,1444,1180,769,191,153,92,94,69,140,1,0,3,1,0,1,0,3,21
1218,1672,1958,2037,2036,1957,1968,1825,1512,1357,3043,3068,1472,558,190,75,76,23,17,10,3,4,3,3,3,0,2,0,0,2
3571,2560,2029,1592,1380,1143,973,1809,1848,1330,866,379,216,174,214,9,15,12,2,0,8,0,0,0,0,0,0,0,0,2
6649,4886,3530,2726,2165,1751,1473,2066,2466,2066,1476,713,654,481,556,34,49,25,22,25,40,0,0,0,0,0,0,1,0,4
214551,201405,189075,169230,153538,128830,104391,186920,145703,75058,40283,22682,15799,13611,12739,2154,1960,871,1064,1020,1955,31,8,21,7,10,5,21,19,336
16485,14763,13355,12030,10548,9145,7867,14912,10045,4948,2759,1584,1301,1129,864,254,176,133,128,59,116,2,1,1,1,0,0,0,2,36
22063,23750,23392,21765,20737,18956,16764,31652,17211,7282,3753,2254,1608,1046,407,137,145,39,37,23,112,0,1,0,0,2,1,0,0,22
2153,1648,1396,1119,936,899,849,2345,1235,746,339,206,110,128,55,25,16,12,4,2,16,0,0,0,0,0,0,0,0,1
13949,16906,17835,16735,14991,11881,9140,15984,14501,5802,2555,1389,821,574,367,73,104,37,43,40,189,1,1,1,0,0,0,1,3,21
33189,28112,25075,22153,19287,16760,13833,23751,23826,13422,6413,3132,1946,1488,766,220,213,73,58,48,86,3,0,6,0,1,1,5,1,30
18376,17203,15829,13844,11800,9972,8516,15434,14279,7064,3167,1685,876,667,336,56,51,16,24,12,34,0,0,0,1,2,0,0,0,13
36307,27824,23285,19340,15952,13241,11379,17340,20399,13730,7534,4606,2994,2331,1893,557,488,252,292,227,548,4,3,2,4,2,0,1,2,45
170740,162341,149835,131088,114897,100437,88618,175301,146128,76574,24017,9904,5529,3394,1767,354,438,96,61,40,313,2,3,4,1,1,2,7,11,87
206312,159762,132422,108298,87146,69308,55350,83434,84939,60828,36668,21640,14718,13507,16861,982,779,508,404,491,1064,6,2,6,3,3,0,1,9,65
28538,26297,22983,19075,16010,14350,12318,24196,22160,12042,5104,2977,1687,1180,848,90,88,46,30,38,70,2,0,0,0,2,0,1,2,18
25321,22003,20047,17209,15285,13440,11893,20676,15743,10483,6136,2843,1784,987,666,242,156,65,86,74,123,0,1,1,0,0,0,0,2,38
2342,2473,2414,2094,1850,1718,1579,3282,2071,800,389,120,90,74,63,20,4,12,6,5,8,0,0,0,0,0,0,0,1,4
21444,14024,10442,8228,6452,5520,4932,8118,8441,5434,3890,1778,1381,1289,3604,153,138,48,119,152,277,1,0,2,0,1,0,0,1,11
10210,9091,7944,6763,5642,4826,4038,7490,7052,4152,1861,788,474,253,138,17,6,8,6,6,8,1,0,0,0,0,0,0,0,3
4158,2678,2037,1580,1260,1068,913,1463,1609,1125,638,350,141,230,481,31,28,34,42,30,64,0,0,0,0,0,0,0,0,3
66312,51714,43309,36574,30725,25669,21814,36943,31567,20807,14804,6968,5497,5059,6497,554,573,291,270,322,675,1,4,1,1,11,1,3,3,58
11849,12388,11647,10897,10160,8472,7534,14291,11715,4215,1458,702,374,365,194,67,25,19,11,20,35,0,0,2,0,0,0,0,0,8
9330,8232,7513,6798,5449,4461,3418,4831,6660,4472,2080,929,462,246,128,44,39,14,2,4,21,0,0,1,0,0,1,2,1,6
4398,2843,2069,1716,1376,1192,990,1694,1960,1487,875,379,196,189,289,14,25,6,16,5,24,0,0,0,0,0,0,0,0,1
6184,6346,6743,6656,5737,4755,3611,6524,6854,3038,956,366,171,80,71,9,21,6,8,4,8,0,0,0,0,0,0,1,0,1
19600,17495,16064,14941,13917,12725,10590,18255,14574,6877,3978,2070,1423,825,811,235,202,86,83,66,204,5,0,1,4,0,0,1,1,30
2537,2034,1714,1258,956,771,695,1142,906,803,671,389,345,222,151,50,36,12,8,14,20,0,0,0,0,0,0,0,0,2
4801,3091,2077,1391,1075,845,801,1322,1817,1368,1654,372,189,281,720,35,36,7,22,20,60,0,0,0,0,0,1,0,1,3
149082,121158,109052,94305,78611,64977,54630,93519,89799,65692,33058,15776,9401,6076,4654,1006,900,354,417,347,736,6,5,11,4,5,1,6,7,123
2382,1562,1205,905,663,516,483,726,1112,1041,936,318,227,149,244,11,32,10,9,7,18,0,0,0,0,0,0,1,0,1
12052,8541,8266,8061,8071,7558,6759,13951,9214,5533,2358,1151,579,321,213,74,88,19,18,18,68,0,0,0,0,0,0,0,0,5
28715,22435,17302,13537,10513,8808,7564,17093,16757,9806,4263,1632,1395,1360,1795,45,41,18,28,24,46,0,0,0,1,0,0,1,0,8
3489,3497,3132,2652,2357,2262,2119,1904,2025,4375,2874,1529,653,220,144,95,88,96,39,5,2,3,0,2,2,4,4,0,0,1
2170,1878,1701,1354,1063,893,771,1391,1243,750,355,228,150,122,86,8,2,6,2,10,2,0,0,0,0,0,0,0,0,3
2838,2377,2088,1759,1619,1460,1397,3487,1968,899,349,148,75,87,66,11,21,8,2,0,12,0,0,0,0,0,0,0,0,3
9137,7678,6885,6442,5778,5059,4410,9268,9353,3497,817,387,168,128,86,3,39,5,0,4,16,0,0,0,0,0,0,0,0,1
7734,8300,7905,6997,6894,6174,5871,11496,5827,2727,1339,788,363,201,159,43,35,8,10,13,26,3,1,0,0,0,0,0,1,8
4056,2648,2065,1410,1139,934,725,891,1333,1261,800,539,327,274,313,62,22,5,19,12,22,0,0,0,0,0,0,0,0,4
2440,2125,1945,1773,1492,1266,1098,2130,1899,848,384,205,187,83,30,28,25,16,0,5,20,0,0,1,0,0,0,0,0,5
169961,134051,120232,102365,85515,71717,60319,99873,113292,75000,34540,16969,10819,8361,5103,1112,1224,396,331,196,550,8,3,10,3,5,4,7,8,122
4776,4761,4656,4298,4293,3552,2922,5592,3667,1481,780,430,280,180,303,21,29,10,6,29,39,0,0,1,1,0,0,0,0,2
21092,15136,12424,10358,8986,8260,7497,16222,13747,8156,4485,1585,867,642,603,75,76,14,12,17,85,0,0,0,0,0,0,1,0,10
12023,10210,9460,7980,6618,5328,4204,6514,6878,4834,3507,1415,966,738,583,170,151,68,56,61,116,0,1,1,3,2,0,2,0,23
8513,6362,5181,4013,3214,2699,2350,3693,3558,4253,2658,864,626,443,740,34,43,20,30,43,67,0,0,0,0,0,0,0,1,8
3061,1969,1484,1279,995,892,741,645,652,623,945,1252,1211,1128,1610,337,331,162,132,88,128,462,21,14,6,8,14,6,2,28
4588,3513,3001,2634,2282,1982,1699,1492,1358,1140,1875,2747,2338,1666,1323,451,422,188,183,123,194,144,7,5,10,0,2,0,0,4
6562,4184,2894,2183,1466,1325,1115,1874,1919,1696,1138,438,439,552,1198,17,43,6,28,14,67,2,0,0,0,0,0,0,1,2
27677,18227,13164,9918,7640,6037,4985,6775,7551,6753,4510,2900,2167,2165,1948,83,91,41,48,57,113,0,1,1,0,1,1,2,1,7
82199,62751,47982,36927,29207,22971,18325,27257,25025,17474,12942,8848,7960,7821,8162,401,320,232,115,156,424,2,2,1,0,1,1,2,1,16
2530,2663,2856,2431,2213,1890,1798,1700,1401,1260,1934,2816,1792,942,654,352,210,159,99,69,61,30,14,4,4,2,0,4,0,2
24365,19962,18770,16862,14292,12050,9797,16838,18762,10955,5279,2478,1300,808,538,162,180,60,47,60,101,0,0,1,1,0,1,1,1,25
36127,25900,20121,16034,13635,11667,10820,20918,17560,14055,8705,3073,2361,2109,2849,187,201,115,180,236,654,3,1,1,3,4,0,0,2,17
3161,1997,1486,1172,1045,889,826,1346,1657,1501,1068,257,168,119,118,8,23,3,14,2,6,0,0,0,0,0,0,0,2,7
8649,8434,8203,6709,5198,3828,2972,4048,4385,3915,2234,1397,1034,595,340,78,56,23,21,12,45,0,1,2,1,0,0,1,0,18
4873,3309,2527,1940,1416,1230,1103,1941,3079,2308,1043,415,325,213,311,12,14,10,12,9,48,0,1,0,0,0,0,0,0,4
4161,2429,1935,1499,1219,913,732,1029,1426,1293,1078,409,223,285,386,17,22,12,16,21,7,0,0,0,0,0,0,0,0,2
21006,19596,17597,14772,12944,10830,9671,18837,11021,5844,3601,2312,1622,1258,593,64,72,17,38,24,45,1,0,0,1,2,0,0,0,3
3198,2610,2645,2371,2120,1696,1516,2822,2564,1338,451,234,105,46,25,16,16,8,4,2,4,0,0,0,0,0,0,0,0,1
3310,3780,3681,3396,3196,2473,2131,4391,3183,927,439,198,150,190,94,10,10,4,0,4,0,0,0,0,0,0,0,0,0,1
40291,37738,35142,31365,27408,23672,20109,36506,27536,15467,10707,4470,2930,1849,1743,205,178,109,98,56,175,1,0,1,0,0,0,0,2,32
3425,2684,2357,2365,2230,2016,1760,3589,3001,1127,524,167,54,63,40,14,37,2,8,0,12,0,0,1,0,0,0,0,1,3
14942,13765,12651,10720,10014,9210,8764,15791,7894,5174,3115,1795,1157,930,552,141,186,58,59,63,125,3,1,0,0,4,0,1,3,26
5136,2822,2019,1524,1110,898,781,1208,1619,1748,2300,510,354,368,776,83,38,36,34,34,70,0,0,0,1,0,0,0,0,1
8017,6003,4911,3897,3464,3034,2843,5103,4050,2837,1749,886,582,287,295,57,48,27,14,36,58,0,0,2,0,1,1,1,0,19
3526,2819,2178,1413,1112,880,788,1418,1365,814,661,326,322,270,242,25,33,16,3,4,28,0,0,0,0,0,0,1,0,4
11505,9990,7994,5799,4371,3442,2920,4732,5691,4005,2120,1317,953,1362,679,114,52,32,33,9,12,0,1,2,0,0,0,0,0,7
3515,2865,2367,1827,1537,1236,1144,2426,1650,1159,512,333,238,136,296,28,20,6,4,16,11,0,0,0,0,0,0,1,0,1
282930,276847,271278,250893,222315,184479,150853,275104,230839,111820,52096,24789,15591,12345,12662,1921,1865,578,552,616,1791,14,8,13,5,10,4,31,18,328
3380,2672,2323,1932,1787,1595,1517,1435,1240,1184,2060,2757,2036,1731,736,326,170,113,73,36,22,38,2,2,2,1,2,2,2,6
4221,3565,3180,2582,2241,1862,1690,1401,1284,1958,2012,1546,1228,751,465,465,329,309,329,56,18,4,21,4,8,10,16,0,0,1
21539,18806,18426,16527,14708,12388,10324,18724,18041,9299,4268,2054,1056,564,283,143,138,28,34,13,105,1,1,4,2,2,0,2,3,21
3770,2911,2716,2188,1876,1597,1228,1901,2753,1452,701,339,194,188,128,7,10,10,4,2,2,0,0,0,0,0,0,0,0,3
102906,91892,84331,76947,71248,63556,57440,116669,81253,36790,14914,6462,4115,2993,2055,493,579,246,207,137,364,3,2,4,0,3,3,4,9,100
3858,2872,2384,1780,1302,1099,905,1574,1291,853,531,334,375,378,287,10,5,0,2,2,4,0,0,0,0,0,0,0,0,1
11476,12588,12141,11649,10347,8508,6627,12659,12158,5162,1686,681,388,222,60,22,19,8,10,4,3,0,0,0,0,0,0,0,0,3
8475,5846,4503,3578,3049,2492,1909,3428,3773,2421,1684,717,672,586,1316,53,27,21,24,52,181,0,0,0,0,1,0,1,1,3
94151,95952,79391,60294,50867,41669,32735,44833,43513,31559,20679,14007,9504,7264,6848,644,712,369,509,479,1057,8,1,3,5,7,5,3,9,62
4220,3224,2618,2114,1585,1313,1292,2342,2577,1714,1067,297,193,201,237,15,10,4,2,3,5,0,0,0,0,0,0,0,0,3
61226,52174,48234,42797,36963,30872,26528,44538,40627,26761,12343,5954,3600,2630,1843,385,408,194,131,131,370,3,3,2,0,2,1,4,1,45
3239,2578,2006,1601,1274,1059,845,1293,1473,886,453,238,236,261,496,22,19,21,24,30,83,0,0,1,0,0,0,0,0,3
37324,41799,43402,39651,35160,30711,27089,56958,37761,15576,5769,2336,1209,777,490,102,88,15,18,12,112,0,0,0,0,0,1,1,1,22
3643,3484,2835,2479,1897,1518,1198,1735,2003,1646,807,432,223,155,85,8,10,6,8,8,6,0,0,0,0,0,0,1,0,2
256533,243164,232282,207449,173204,136227,106938,178974,202380,123553,52041,20201,11460,8532,5997,843,746,241,230,184,650,9,3,16,8,9,3,21,8,150
28217,25064,22181,18986,16503,14126,11983,20553,17552,9311,4509,2723,1815,1472,1221,223,212,111,102,113,196,2,3,0,2,1,1,0,0,27
39281,28016,21557,17132,14113,12416,11502,22161,29248,14004,5784,2475,1462,1089,578,111,161,56,52,42,109,1,2,4,0,2,0,1,2,27
52664,44719,41099,35699,29125,22101,16775,23002,28244,21213,12885,7145,4284,3175,1735,557,465,155,134,103,356,4,2,5,1,1,0,8,10,92
2586,2245,1820,1546,1291,1079,850,1178,1529,1009,601,300,211,127,142,16,22,4,6,2,14,0,0,0,0,0,0,0,0,1
120080,155638,161733,151685,145109,130906,121235,228434,112321,48313,21341,10828,5776,3723,2043,815,998,261,198,147,677,3,4,22,2,2,3,15,11,164
55587,38693,36661,36737,33264,28745,25165,52041,43541,27147,10059,3829,2458,1372,732,177,174,80,69,52,140,2,1,4,0,1,0,3,0,56
54148,37864,29851,22348,16990,13521,11988,18314,22428,17825,10244,4908,4276,3942,4683,454,427,157,171,136,579,4,1,1,0,3,2,3,2,43
2349,2601,2620,2353,2091,1869,1786,3780,1931,879,377,235,105,72,59,25,15,4,4,4,14,0,0,0,0,1,0,0,0,5
3129,2461,2063,1623,1309,1171,995,1730,1703,1052,779,449,294,197,118,24,41,7,8,6,28,1,0,1,1,0,0,0,0,4
288305,215726,173357,139012,117143,100969,89748,174713,183707,107044,48449,21708,13549,10133,5978,1248,1309,397,295,258,1232,9,6,18,2,5,3,26,11,297
374714,334464,297926,261434,238022,210327,192331,415220,324718,136344,48450,15779,9759,7282,6745,651,602,281,234,264,598,2,1,6,1,0,1,6,3,53
2845,2447,2363,1996,1732,1537,1095,1943,1897,1029,652,308,137,104,142,26,8,6,6,8,11,1,0,1,0,0,0,0,0,1
30353,25282,20997,17103,14278,12157,10688,19492,17046,11001,5952,2792,1924,1335,915,160,159,97,76,70,154,2,1,0,0,3,0,0,1,33
3030,3037,2476,1966,1666,1439,1273,2373,1979,972,491,322,259,288,43,18,6,18,6,8,24,0,0,0,0,0,0,0,0,2
77586,59128,50344,40654,32522,26112,22929,35370,42082,35440,17763,9907,6786,4642,2931,546,567,240,257,265,490,5,1,5,2,2,1,6,4,67
41560,53690,57277,54628,52595,45539,37228,78007,46212,14794,5463,2561,1424,1482,1266,152,119,42,77,51,137,1,0,1,1,1,0,0,0,14
42129,36712,29627,23723,20347,18062,17084,39463,31801,14707,6355,3422,2164,1386,971,196,293,27,49,44,391,0,2,3,0,1,3,12,2,97
4029,2981,2076,1607,1162,1009,906,1288,1454,1483,1007,396,333,394,294,48,43,39,32,8,22,1,0,0,0,0,0,0,0,8
22725,17028,15690,14337,12529,10141,8196,12121,16033,9909,4735,2199,1136,732,564,230,360,90,65,31,148,2,0,0,0,0,0,2,0,29
68714,57136,49318,41308,35032,27964,21962,34607,36214,30269,17720,7249,3806,3082,1922,306,295,138,106,109,303,6,2,3,0,2,0,3,5,37
95658,80325,73751,66006,58744,50150,43174,87636,75336,39667,16688,7973,4474,2572,1687,490,442,174,130,117,413,4,2,5,3,2,0,3,5,82
4185,3374,2749,2012,1507,1242,1111,1563,1720,1342,735,490,363,299,143,49,22,28,22,20,22,0,0,0,1,0,0,0,0,6
41410,31918,26546,21386,16818,13903,10963,16204,19768,17372,11810,4540,3382,2386,2289,217,273,68,102,133,321,2,1,4,1,3,1,3,0,34
96427,60563,61842,57508,53428,51169,46622,60488,73315,75680,19211,6233,3262,1524,714,426,464,26,45,14,150,0,0,1,0,1,1,0,0,54
87324,78410,71650,61152,50933,40803,33434,58080,46976,29079,18222,9071,5265,4853,5382,649,755,473,613,742,1214,9,0,6,0,15,0,6,13,80
3043,2728,2595,2358,2106,1726,1524,2915,2623,1041,464,229,154,108,78,16,14,4,10,4,20,0,0,0,0,0,0,0,2,1
117734,114244,109054,98253,85996,70832,58199,114638,107499,51390,19125,6599,3826,2112,1214,288,212,90,72,88,216,1,3,1,0,3,0,4,1,31
3551,2784,2323,1751,1389,1155,922,1359,1955,1475,587,423,328,251,118,62,17,7,17,4,10,0,0,0,1,1,0,0,1,8
2849,2542,2433,2210,2159,1789,1646,3324,2481,1108,427,151,116,41,50,3,11,3,2,8,3,0,0,0,0,0,0,0,0,3
84715,95936,91398,80726,74700,70667,75118,135028,47383,25251,14686,9788,6077,3991,1546,354,265,181,138,126,382,1,3,1,1,0,0,4,2,33
3092,2553,2462,2006,1735,1382,1115,2114,1773,1678,780,406,270,66,39,25,26,6,1,2,13,1,0,0,0,0,1,0,0,4
1856,2670,2560,2302,1795,1560,1516,4156,1602,680,311,178,167,101,98,16,30,18,19,12,10,0,0,0,0,1,0,0,1,6
56787,42630,35208,29735,24462,19779,16594,26771,30134,21571,12339,5551,3919,3388,4682,437,416,203,331,253,583,2,0,2,1,6,2,2,4,39
64671,43389,33120,26076,21621,18573,16398,30286,30810,25224,22502,4440,2627,1939,1685,293,478,79,107,72,450,3,5,3,1,3,0,16,5,91
85544,73093,63690,53374,44974,37434,30830,55065,45370,26399,15692,9414,7273,6664,5052,907,682,410,479,393,845,19,6,9,2,13,1,6,12,109
3891,3348,2849,2345,1896,1578,1362,2234,2247,1717,1112,535,305,280,118,49,27,30,20,13,14,1,0,1,1,0,0,0,2,9
93025,64631,51005,41917,35764,30663,27425,49648,71933,46906,22063,9472,6257,4271,3710,421,517,173,119,123,533,6,0,5,0,3,0,3,5,65
3808,2672,2262,1901,1572,1055,948,1412,2036,1751,1343,379,392,322,556,31,13,8,11,8,11,1,0,0,0,0,0,0,1,3
2243,2514,2572,2306,1947,1461,1205,1815,2291,1097,364,205,82,28,19,3,2,0,0,0,0,0,0,0,0,0,0,0,0,1
3871,3729,3146,2489,2049,1840,2118,4277,1742,1161,574,383,316,254,108,18,17,0,8,8,10,2,0,0,0,0,0,0,0,2
42957,35813,33422,29919,26664,23175,20814,42357,32625,16593,6917,3099,1568,928,529,147,149,46,44,51,113,0,0,0,2,0,0,0,1,24
3607,2890,2452,1887,1724,1410,1277,2577,2440,1967,1103,346,229,179,80,15,26,9,4,0,21,1,0,1,0,0,0,0,0,4
4742,3919,3145,2515,2114,1790,1382,1977,2982,2166,977,422,245,191,76,19,19,4,4,3,7,0,0,1,0,0,0,0,0,2
87512,86007,79757,67444,59283,50381,42823,78225,57695,30466,18577,9352,6322,5487,4671,469,397,227,226,208,416,4,0,11,1,6,1,4,4,90
131566,96524,75921,58617,47274,38589,33299,55289,60503,41013,20558,11382,8500,9476,15810,935,793,489,608,639,1453,4,5,5,3,6,1,2,10,68
240996,209149,198620,181270,163910,143870,126848,253480,184212,93874,42989,21557,12507,8226,5109,1523,1596,472,498,437,1193,17,6,14,5,7,0,15,15,261
2932,3107,2722,1934,1327,1015,913,1199,1093,769,584,367,406,370,195,9,5,4,4,1,6,0,0,0,0,0,1,0,1,1
62777,51796,45226,36635,28285,21868,16959,19918,27852,27569,16009,8373,5387,4249,3075,765,548,306,200,214,566,55,6,10,7,11,0,12,6,107
82442,81996,77543,68054,57253,45996,36070,60991,54231,25727,14759,8959,6969,6166,3839,867,628,288,266,165,330,9,3,11,3,7,2,9,17,97
108395,87523,79613,71117,62878,55148,47334,89954,78620,42708,19962,9668,5835,4146,2560,779,733,252,247,204,580,10,2,4,4,6,0,7,6,115
4076,3229,2830,2507,2056,1736,1549,2448,2904,1629,660,275,245,196,129,18,19,10,6,9,10,0,1,0,0,1,0,0,0,5
329408,251881,236785,229604,215176,190242,171677,342189,231718,137992,61951,25347,11912,7294,4417,1490,1651,388,317,249,1389,8,8,12,9,4,3,24,19,310
74333,61946,58743,52911,46244,40413,34340,60774,58827,34180,15705,7038,3802,2159,1590,510,406,169,135,104,329,6,1,8,2,1,0,1,0,70
33991,27950,24409,19834,16446,13462,11404,15496,18442,16923,8593,5036,3032,2056,1463,377,352,174,189,145,394,3,1,3,1,6,0,0,7,61
37342,30595,29772,25364,21561,18413,15913,28277,26023,19892,8444,4158,2126,1236,761,175,204,61,55,44,181,2,1,1,0,0,1,2,0,28
2532,2589,2876,2807,2465,1894,1500,2600,2686,1152,434,254,80,75,56,11,6,0,0,0,10,0,0,0,0,0,1,0,0,1
2850,2604,2487,2059,1799,1504,1285,2534,1840,1092,474,285,268,106,69,27,21,6,10,4,16,1,0,0,0,0,0,0,0,2
4126,3427,3358,2661,2248,1811,1596,2637,2541,1702,906,414,267,137,93,23,13,17,13,12,42,0,0,0,0,0,0,0,0,9
3307,3074,2488,1767,1400,1080,943,1565,1445,711,485,303,355,374,237,20,14,0,4,8,15,1,0,0,0,1,0,0,0,2
3269,2911,2412,1862,1372,1246,978,1697,1386,724,502,396,372,472,165,35,34,22,22,6,19,2,0,0,0,1,0,1,0,5
2787,2367,2272,1713,1285,1089,1002,1279,1413,1125,680,418,235,147,152,14,9,8,10,8,20,0,0,1,0,0,0,0,0,5
262360,240361,231321,209995,187669,159245,133707,244872,210775,104348,47780,22675,13551,10038,9522,1776,1674,666,639,620,1706,23,2,15,10,15,5,20,16,267
3988,2969,2524,2015,1601,1231,1166,994,898,803,1064,1397,1681,1207,1228,404,298,219,210,281,269,256,23,24,10,22,18,42,16,32
184084,139937,110722,89168,72649,59561,50555,78910,104427,79081,35545,18429,11046,11272,7122,867,791,352,364,296,609,5,1,5,0,8,2,4,11,72
221408,239740,241513,223607,203630,176187,149470,287318,202220,83193,33298,17010,10129,7698,5046,888,818,324,304,332,996,8,5,4,1,3,5,8,3,116
3108,2693,2367,2105,2007,1771,1714,3519,2299,954,483,231,122,73,52,4,25,2,4,2,26,0,0,0,0,0,0,0,0,1
32973,31089,29331,25930,23027,19434,16320,32965,28652,13359,7430,1904,952,586,432,72,115,28,9,6,104,0,0,0,0,1,0,0,1,21
89311,56407,41788,32906,25708,20528,17226,24508,29897,27922,21587,9895,8160,7949,15722,966,985,477,555,539,1528,8,1,5,3,1,2,5,7,106
62151,45579,40379,29879,20444,15038,12140,15359,20919,25380,21476,8623,5858,3987,4517,535,369,227,300,298,483,4,2,1,2,3,1,0,3,53
216867,176753,156245,132794,112407,93684,77952,120791,121451,80778,43688,23276,15990,13974,12198,2187,2250,889,1085,953,2348,21,5,20,3,16,7,26,30,343
3767,3488,3347,2675,2523,2345,1964,3863,2713,1223,618,334,205,153,72,23,26,8,8,14,4,1,0,0,0,0,0,0,0,1
3103,1728,1248,929,710,487,430,510,906,1199,840,362,222,178,389,28,19,12,14,32,84,0,0,0,0,0,0,0,0,3
217718,224804,219582,195843,174779,151216,129412,258484,158702,71353,37249,19481,12906,11448,9642,1080,1081,462,356,387,989,10,4,10,0,9,7,10,7,159
2225,2111,1551,1207,1044,835,810,1808,1603,761,248,197,98,83,35,26,25,12,10,3,3,0,0,0,0,0,0,1,0,3
3663,3169,2970,2614,2159,1760,1468,2059,2230,1712,831,404,246,140,81,24,23,12,6,4,22,0,0,0,0,0,0,0,0,6
78990,57677,42826,31635,24685,20852,18016,32191,38728,28568,12812,5679,4200,3558,2988,322,276,130,106,93,171,3,1,3,0,0,0,1,1,21
419521,412384,375012,308645,268958,233229,211496,375323,235474,131320,76432,44684,32482,32491,17414,2900,2590,1478,1271,1144,2148,24,9,22,8,27,10,20,25,276
57313,53889,52088,44153,37876,32913,28921,57105,36309,18428,13517,6775,4635,2975,3451,303,175,88,75,48,91,5,0,6,3,0,0,1,1,41
155671,132986,121949,106682,90574,73578,60086,100409,109878,67432,34112,14714,9513,7246,5303,973,874,369,378,218,498,10,3,6,1,5,3,8,7,104
199253,155982,116869,98998,89955,72756,62486,107455,148171,121222,45131,24716,11469,6979,4320,1605,1956,542,483,474,1277,2,2,1,0,3,0,1,6,89
29797,26306,24127,21828,20252,17502,14569,27070,20619,9376,4910,2695,1702,1685,1449,234,206,80,68,66,208,1,1,1,0,2,0,2,0,37
214468,219262,200837,175690,155263,127768,101384,170131,166173,76306,34349,16938,12681,18867,14824,1354,1284,574,573,492,1181,14,8,7,0,4,3,9,10,111
237600,292374,311406,316278,310471,279526,247659,560206,281939,65288,22309,5110,2857,2314,2517,224,250,82,82,106,237,1,0,2,0,0,2,4,1,31
53948,34258,29037,23910,20223,17648,15469,23043,20978,18019,13194,12752,3083,1984,910,473,375,331,224,275,1000,1,0,2,0,0,0,0,1,25
2476,2358,2191,2186,1981,1761,1503,2863,2292,893,331,172,73,48,35,14,10,2,4,8,46,0,0,0,0,0,0,0,0,2
135428,78494,59044,48800,41649,36158,32752,47736,85167,76361,50548,8930,7452,5836,7278,130,144,43,28,40,222,0,0,0,1,0,0,1,0,28
66781,46876,40937,36106,31124,26767,24439,40975,48492,32050,15170,9154,4002,2531,1223,451,619,139,161,119,436,4,2,7,3,7,1,8,9,138
3137,2183,1738,1281,1043,754,716,1316,1330,1056,482,276,251,239,297,56,34,9,13,14,45,0,0,0,0,1,0,0,1,8
199796,155012,135992,115697,99049,82702,70429,120241,121859,76534,38083,18129,12207,9946,9259,1495,1566,672,746,662,1367,17,10,13,8,14,4,8,28,244
51505,41265,34405,28345,23345,19637,16515,27963,25068,16454,9854,5243,4475,5038,4965,603,642,307,371,389,758,5,4,6,0,4,0,1,7,60
69374,75758,76800,74643,70828,62462,54996,115564,74622,24963,8522,3578,1773,963,902,189,173,36,30,44,213,1,0,1,0,0,1,0,1,23
102551,86013,68586,53105,42727,34096,29007,53877,53869,32984,15559,8368,6054,5937,4981,243,259,105,121,106,352,1,0,0,1,1,0,0,1,21
3369,3380,3214,2856,2484,2261,1852,3340,2676,1197,597,296,171,89,81,13,25,16,18,18,18,0,0,0,0,0,0,2,0,4
220894,268325,278060,272731,258474,223511,190613,403840,263434,75929,25259,9967,5464,3746,3376,365,265,133,139,142,291,6,1,0,0,1,0,2,1,33
53027,38596,31123,24463,19559,15763,13090,18660,21928,16631,10312,6437,5017,4767,3376,779,775,375,486,377,739,11,3,4,2,4,2,3,17,107
121076,119736,115861,105118,96728,84088,71193,131407,103942,46598,19761,9897,6340,4680,3254,450,562,95,64,46,490,4,8,6,2,1,5,19,11,158
43283,40251,37665,33227,29264,25182,22336,49355,37377,15560,6280,2629,1541,1000,759,145,146,73,43,75,212,1,2,1,0,3,1,4,2,25
54018,42132,39631,35873,28790,23680,20733,32486,35085,27438,17720,8183,2879,1574,943,388,406,100,72,44,161,2,0,3,2,0,0,1,2,48
364004,278019,224215,181690,148197,121214,101309,153609,206425,139790,73301,37831,26196,19985,14749,3192,2107,2010,1024,994,2598,399,10,10,12,23,6,21,49,262
68390,49459,41252,35227,28833,23904,20584,31768,35359,35042,23344,13421,8207,5052,3012,1345,1594,360,281,243,403,9,1,6,0,6,0,4,5,186
3177,2287,1814,1446,1146,1016,908,1458,2255,1416,771,332,176,131,132,22,13,2,6,2,4,0,0,0,0,0,0,1,0,1
2877,2127,1841,1310,896,853,674,1051,1283,956,739,318,392,168,165,25,17,6,5,17,72,1,1,0,0,0,0,0,1,1
172381,140451,118572,95509,77049,62433,51513,84664,87314,63275,37352,18424,11051,7716,5414,1076,792,379,381,296,651,7,1,9,4,3,1,2,8,114
2657,3015,3248,3021,2913,2626,2665,5593,2691,735,287,96,56,23,22,8,4,1,0,0,2,0,0,1,0,0,0,1,0,3
249062,248295,230827,210980,194190,171918,149321,290793,162962,55698,27779,17319,12919,14636,20952,1065,766,380,425,394,637,5,1,9,4,2,0,6,10,79
31017,20641,15863,12364,9740,7596,6672,8235,12324,10026,6271,3568,3143,3084,3030,385,354,180,239,233,504,7,3,3,5,6,4,4,9,61
60901,53654,48731,43834,38066,30028,23616,37223,40628,22877,12015,6122,4399,4418,3648,540,509,286,297,287,589,6,1,3,0,5,2,3,9,91
164965,146153,136025,118959,104071,90067,79070,134501,111298,69366,36442,20664,9994,6600,3490,1249,1468,395,359,321,1386,5,7,10,2,5,4,31,11,223
42475,33875,30787,26005,22161,19064,16682,29554,28171,16872,8627,3810,2411,1607,747,197,138,78,39,64,139,1,1,2,0,0,1,4,1,25
142623,135933,124275,110512,98974,82526,68137,118154,111876,63616,24478,12292,8530,7499,5961,830,713,384,337,257,594,11,1,2,1,5,0,3,5,85
56867,72213,75911,69294,59925,48422,37946,66147,61776,28521,11061,4735,2094,1318,602,147,141,64,54,34,84,1,0,1,0,0,0,0,0,11
202545,161681,168534,156316,134429,117519,104013,193213,166326,121092,59122,22995,13274,7406,4047,1363,1037,325,399,319,879,16,3,19,5,4,3,9,7,408
3252,2905,2633,2583,2354,1839,1455,2280,3093,1387,556,169,75,64,21,10,11,4,4,4,20,1,0,0,0,1,0,0,0,6
47171,34855,29210,24329,20485,17498,14630,25942,23992,15171,7493,3474,2636,2524,3499,300,263,169,161,279,644,0,1,0,1,0,0,2,2,17
3336,3267,2790,2363,2042,1801,1394,2918,2043,1332,711,424,204,141,73,18,36,6,2,7,17,0,0,0,0,0,0,0,0,2
3587,3341,3014,2519,2131,1877,1594,2852,2774,1439,505,226,150,123,107,8,4,3,6,8,6,0,0,2,0,1,0,2,0,1
4738,3010,2107,1462,1161,908,800,982,1450,1515,1427,352,345,253,420,19,27,16,14,8,34,0,0,0,0,0,0,0,0,4
329733,302409,302547,274282,237551,195330,159987,278639,252622,163326,64848,25982,17725,12326,11410,1458,1258,692,613,534,1158,29,2,7,5,8,3,10,8,162
40220,37030,31540,25632,20765,16293,12658,19704,20671,13481,5657,3634,3277,3344,1984,97,130,19,25,21,46,1,0,2,0,0,1,2,0,15
67280,66274,61629,53824,44935,35534,26951,43492,43528,25953,12717,7785,5876,4150,1776,484,376,163,175,133,295,4,4,6,0,4,1,7,5,86
338937,246332,195136,154318,123021,98757,81364,113753,130481,96025,61210,38195,30313,29802,26083,3430,3216,1564,1654,1644,3560,20,11,24,4,16,9,26,32,283
57527,44268,36811,30319,25474,21959,18531,34294,25782,16310,10470,5527,3922,3752,4861,708,755,444,588,661,1261,9,1,2,1,7,1,1,9,75
148357,129605,117591,105593,94807,83230,72966,145140,102459,50090,24714,11416,8034,6805,7401,651,664,228,254,250,681,2,4,12,3,4,3,10,12,94
3290,3120,2467,1881,1413,1052,843,1204,1070,1031,652,448,465,343,149,26,28,20,6,5,7,2,1,1,0,0,0,0,0,3
3966,3803,3572,3051,2708,2010,1759,3068,2191,1108,772,511,328,219,132,26,19,19,9,2,12,0,0,1,0,0,0,0,0,3
65101,53575,50965,46830,41147,35213,29829,48856,49654,30264,12255,5026,2847,1669,1186,329,375,103,102,96,245,3,1,3,1,0,0,2,1,32
34228,33379,29053,26327,24457,21875,18898,39964,30885,12704,4997,2073,1358,811,821,86,161,47,20,38,160,0,1,2,0,0,2,1,5,33
102214,70962,57655,47343,40845,38142,35808,64882,75691,43321,19315,8319,4792,3227,2055,434,463,202,203,119,489,3,3,2,0,0,0,4,2,59
66461,63719,64399,55954,46154,36041,28964,57126,47735,49363,20031,6277,4312,2668,1774,437,381,206,177,104,211,6,2,0,5,6,0,4,5,51
109640,92067,76412,64540,57156,49106,42148,70053,77359,47222,20802,10691,5453,3772,3499,729,827,255,251,155,682,10,5,4,2,10,2,5,10,108
66659,50582,42165,34977,29345,25110,22003,35516,42295,35644,20549,6903,3982,2221,3069,412,444,95,62,60,254,2,1,3,0,1,0,4,3,56
5509,3961,2799,1881,1423,1241,1034,1918,2016,1189,759,454,413,479,562,48,34,38,29,26,34,0,0,0,0,1,0,0,1,4
2068,1717,1417,1075,929,777,625,1155,924,466,300,268,168,191,137,15,19,8,10,10,24,0,0,0,0,0,0,0,0,2
3850,3132,2684,2148,1941,1589,1430,2661,2354,1686,1005,455,270,110,127,16,24,12,8,3,7,0,1,0,0,0,0,0,1,2
205938,208515,193677,167950,141023,114139,93456,168680,152496,69398,29923,15486,10590,10445,9428,419,224,88,76,35,84,6,1,1,3,1,0,2,1,9
40392,30340,24203,20476,17184,14854,12875,22119,29300,18759,9267,4210,2748,2067,1294,157,175,84,78,70,174,2,0,0,1,0,1,0,1,25
115085,127189,129883,121526,114466,98631,82884,156907,101635,47780,21008,10240,5960,3671,1893,614,624,142,137,99,447,1,2,9,1,4,3,12,8,118
311669,237281,214231,188071,164561,141406,122888,199969,205240,148389,72974,36315,19892,12426,7281,2492,2653,829,691,569,2014,8,9,19,3,9,10,31,21,418
119704,92286,77948,64884,53295,44164,36777,58518,66689,51534,26802,12075,8010,6439,5812,904,991,424,438,385,918,3,2,11,1,10,0,10,5,168
4062,2802,2012,1482,1144,1018,869,1074,1312,1000,686,393,269,379,455,28,22,6,6,6,10,0,0,0,0,0,0,0,0,1
151192,148457,141350,124386,108497,93677,86308,163954,125657,66952,25661,11208,5907,3420,2093,538,598,219,215,243,543,3,1,6,1,3,2,4,6,93
50992,43082,36847,30959,26324,23651,22527,57816,41810,18098,6760,2996,2085,1220,1596,147,214,85,61,60,219,2,0,2,0,1,0,1,2,25
113413,107280,103799,94794,83492,69129,58162,112792,101052,51382,18460,7673,4098,2418,1490,369,372,98,95,57,260,1,0,5,1,0,3,3,7,71
4476,3740,3313,2585,2133,1717,1522,3015,3370,2043,772,354,199,108,65,3,0,2,0,4,4,0,0,0,0,0,0,0,0,2
113717,103232,97757,89473,79871,67531,54656,102624,80243,42473,23342,12252,8539,6241,5077,1023,1092,347,371,398,774,12,2,4,6,9,2,3,9,149
208486,186684,181429,162865,133886,104510,78957,106726,143462,115646,50991,26443,15043,9404,6128,1721,1791,581,481,344,1676,15,9,29,6,3,10,36,33,354
33768,30126,26416,25041,23162,19212,15638,30126,25531,11157,5165,2347,1697,1284,1758,97,110,39,21,26,74,1,0,1,0,0,1,1,0,11
40883,40632,39334,34497,30899,25998,22401,41613,31632,15392,7123,3929,2567,1703,839,159,163,70,50,153,174,2,1,6,1,1,0,3,4,41
43723,50539,50974,47964,45911,40546,36077,78730,45160,15635,7125,2374,1486,706,278,95,86,27,19,12,69,2,0,1,0,2,0,1,2,15
2298,1879,1615,1259,971,815,686,1136,1479,793,417,262,138,144,131,12,4,4,8,4,10,1,0,1,0,1,0,1,0,1
3681,3054,2662,2147,1880,1665,1455,1991,2898,2108,1301,535,255,188,122,81,6,16,4,6,2,3,14,0,0,0,0,0,0,1
1815,1623,1632,1441,1463,1249,1055,1850,1596,703,258,112,88,39,30,13,16,0,4,2,14,0,0,0,0,0,0,0,0,1
97937,70648,58993,49610,41571,34348,29501,51436,56330,47166,28618,8964,5885,4392,4499,333,420,164,158,121,365,6,0,2,0,3,2,4,8,86
3048,2474,2216,1881,1776,1604,1568,3570,2120,763,402,261,104,148,52,26,20,1,4,1,8,0,0,0,0,0,0,0,0,2
304667,246510,212354,172577,138534,112732,93696,158743,168826,115842,66977,32890,22169,17659,13582,1825,1610,735,704,550,1389,22,3,17,4,10,3,18,20,290
3676,3113,2854,2429,2245,1997,1685,2789,2598,1329,785,364,237,184,86,25,27,14,10,9,13,1,0,3,0,0,0,0,1,7
158898,194921,195289,183280,175433,159628,152384,352099,157649,46749,14392,5608,2664,1486,1037,149,160,50,50,23,160,0,1,1,1,0,0,5,4,19
2277,2053,1934,1631,1253,987,843,1195,1520,1218,555,217,106,116,69,14,13,2,4,4,15,1,0,0,0,1,0,0,0,3
60630,48007,43215,36901,32147,26802,23095,41053,34128,23956,13656,7204,4505,2920,1827,619,663,173,176,95,283,6,2,5,3,0,1,2,16,84
3400,2580,2160,1543,1138,986,849,1677,2032,1079,362,345,244,262,167,24,8,5,9,5,7,0,0,0,0,0,0,0,0,6
78219,60715,49947,40477,33943,26823,22039,35974,37772,24151,14764,6602,5272,5117,6605,409,376,229,317,277,608,6,0,2,0,2,0,2,5,41
3343,2547,2049,1711,1466,1276,1080,956,886,726,941,1469,1435,1144,810,453,286,213,194,119,240,144,5,11,10,4,6,4,8,16
337618,246614,211783,182929,155576,130186,110352,172365,193581,160320,93373,46287,25672,15708,9755,3064,3390,1050,901,823,1943,31,10,32,8,12,5,21,26,514
3766,2749,2264,1808,1453,1138,993,1370,2149,1514,974,318,172,142,221,7,15,4,8,0,12,0,0,0,0,0,0,0,0,1
103715,82309,72305,62026,52306,43296,36657,62049,54569,36590,25530,12160,8962,7688,8787,891,826,430,520,560,1173,10,5,5,2,6,1,3,9,143
361895,309620,288475,258163,225899,190896,164367,292358,249603,140063,64202,33014,18992,13620,9385,1687,1580,575,449,540,1437,7,6,14,12,9,8,19,16,238
108818,85258,75329,66291,55969,46415,39336,65562,71164,44038,26368,11377,7964,4990,6783,611,636,275,278,219,672,5,4,6,2,4,0,9,1,119
32426,32531,30159,27660,26248,23681,20597,43038,27931,11740,5114,2777,1549,953,599,100,115,57,21,19,126,0,0,2,0,0,0,1,1,24
3491,3131,2727,2240,2038,1832,1715,3344,2428,1226,661,286,141,71,120,9,17,6,0,4,16,0,0,0,0,0,0,0,0,4
3178,3047,2724,2137,1829,1557,1429,1277,2133,2517,1386,981,688,253,252,168,221,94,5,1,8,4,10,2,4,0,0,0,0,1
29741,23979,20173,16645,14846,12927,12160,31857,24376,11753,4639,1411,653,325,187,41,17,4,10,4,66,0,0,0,0,0,0,0,0,2
62396,47945,39928,31612,24646,19482,15875,22183,30385,27315,15827,7043,4175,3292,2639,388,301,165,131,138,429,2,1,2,3,5,0,8,3,47
4554,3450,2694,1882,1584,1327,1063,1511,1679,1316,990,516,311,371,447,46,29,28,20,16,20,0,0,0,0,0,0,0,0,1
93257,83561,73194,63643,55465,46632,39686,70345,62152,32255,17463,9530,6456,5408,3553,549,507,202,205,176,479,11,1,10,5,5,1,8,9,98
4598,3232,2478,1846,1577,1200,1190,1957,2269,1554,1456,442,312,242,423,34,26,12,20,18,20,0,0,0,0,0,0,0,0,3
1856,1924,1827,1616,1357,1315,928,1741,1488,705,365,196,134,43,42,16,15,14,6,10,16,0,0,0,0,0,0,0,0,6
722803,634148,573769,496347,424341,358130,306884,557714,560517,312832,143743,57265,32223,21157,15919,2624,2181,1277,791,621,2134,123,24,24,13,25,5,35,30,316
62136,52171,47164,39550,34091,28892,24549,45790,41654,23722,10302,5361,3409,2662,1778,353,335,131,189,201,401,4,1,5,3,4,0,0,3,43
44096,33699,31367,29812,28228,25337,23238,49057,37108,17981,6318,2071,1063,678,365,128,184,31,19,12,176,0,0,2,0,0,1,1,3,28
3220,2511,2272,1879,1640,1335,1077,1798,1676,1098,762,417,194,183,86,32,36,12,12,3,30,1,0,0,0,0,0,0,0,4
60048,53036,46074,36784,28729,22023,16790,21053,27341,21020,13501,8428,6195,5427,3381,594,559,172,256,180,590,12,7,7,1,6,2,10,15,105
3160,2895,2442,2119,1869,1737,2061,4635,2088,572,415,212,99,58,48,25,10,14,4,10,36,0,0,0,0,0,0,0,0,1
36192,27486,24334,21399,18417,15981,13899,23816,23946,16139,8193,3369,2147,1430,1233,242,321,121,104,89,267,1,0,1,0,1,0,3,3,46
169025,166744,156739,143383,132061,117047,105941,221757,138764,55794,24326,11697,7008,5448,4481,601,656,236,240,180,712,5,2,10,1,3,4,9,11,115
4764,3288,2646,2171,1719,1503,1151,1999,2009,1241,971,621,320,266,266,44,28,15,25,18,47,1,0,2,0,1,0,0,0,2
74723,58146,47676,40064,34625,30251,27353,49312,44488,28641,13752,7183,5046,3834,2843,411,498,134,128,128,490,2,4,9,3,0,3,10,8,84
206552,169755,149251,127089,108554,92197,79572,137128,138624,73949,35700,17721,11141,9636,9493,1041,1027,295,206,164,947,11,14,16,4,4,5,31,10,206
232183,208695,186236,163122,147955,134116,128649,299294,189192,80445,33372,13838,7293,4579,4460,641,885,144,101,67,842,4,11,13,1,0,5,20,15,185
51079,43277,37946,32058,28292,25023,21552,37907,37696,18912,8467,3944,2018,1102,738,120,116,63,54,65,207,1,0,1,1,0,1,0,0,17
183624,165698,140562,117715,104237,89356,75707,144276,86704,34116,20060,12074,13647,20368,21467,1673,1818,1160,1504,1520,3755,20,3,8,4,7,3,12,22,172
31271,24655,21166,17129,13862,11305,9383,14592,15336,12610,8568,3869,3489,2913,2141,557,499,206,231,171,234,11,4,5,2,6,1,2,9,80
232350,233179,221000,200541,180700,155296,134420,275997,191557,70956,29942,14457,10226,9011,9052,715,513,165,144,115,410,6,0,3,0,1,2,9,3,69
25462,27437,27139,26260,25019,22002,18986,41715,26748,9071,3802,1306,719,415,506,63,84,15,15,7,44,0,0,0,0,0,1,2,0,13
135757,119797,115561,108431,100049,87635,76019,139011,114529,52619,22773,10324,5731,3600,2226,718,837,256,208,157,560,11,2,6,1,4,3,5,10,129
30207,26034,21767,18112,15166,11859,9559,14894,14919,10020,5993,3580,2663,2858,1558,297,265,117,148,91,140,2,1,6,1,1,0,4,4,46
82181,71131,62052,50937,42915,37270,32816,60645,42894,27706,17776,9956,8904,7060,4615,1121,962,535,534,410,811,18,1,8,3,11,2,6,14,131
2217,1897,1731,1511,1337,1288,1114,1103,928,842,1499,2005,1347,726,517,307,183,132,96,75,50,88,21,18,15,4,12,16,2,24
92522,75847,68644,58747,48925,40432,33578,53521,54494,38251,20531,10730,7130,5140,3549,827,719,282,240,231,348,5,0,8,5,4,0,8,5,116
176434,138359,123420,106657,91100,77558,66404,116987,106849,62867,32019,16408,10845,8761,9739,1497,1476,612,708,745,1754,21,13,10,5,16,5,10,13,168
60721,45838,34285,25104,19228,15543,13082,19175,23709,20249,15089,5322,3772,3624,4191,266,218,122,121,142,266,2,1,1,1,1,0,0,1,24
526916,429942,408239,361914,303974,245391,200447,295331,337660,235100,111987,55669,31446,22917,15688,4895,4703,1961,2058,1620,3601,59,18,29,9,45,10,32,53,710
137528,167685,165815,155454,153037,140914,134076,294823,129347,40101,15084,6353,4360,3597,3205,221,250,62,52,28,198,1,1,4,1,2,6,4,3,60
28209,26220,24835,21918,19935,17569,15857,28285,15007,10670,6978,3970,2194,1440,993,318,303,138,161,120,320,3,2,3,2,4,0,1,5,39
3131,3228,2939,2531,2201,1731,1461,2357,2400,1578,636,263,105,56,42,0,8,2,0,0,2,0,0,0,0,0,0,0,0,1
145257,147314,133703,116679,102707,88891,80351,158173,112317,51602,23586,9653,5492,4372,5473,389,358,173,158,122,384,1,2,3,1,2,1,2,0,35
1636,1681,1501,1443,1269,1132,963,1886,1255,627,374,209,120,48,25,22,8,9,8,4,5,0,0,0,0,0,0,0,1,2
2971,2562,2519,2320,2082,1814,1489,1853,3072,2129,1081,325,146,75,57,19,10,5,15,6,4,0,2,0,0,0,0,0,0,1
38925,32844,25770,20311,16262,13838,11636,21298,22836,12816,6007,3346,2298,1840,1334,93,113,26,51,46,94,1,0,1,0,0,0,1,1,7
2871,2158,1827,1583,1390,1204,1054,1796,1669,1003,475,280,190,96,77,22,27,12,17,8,14,0,0,0,0,0,0,0,0,4
34299,35178,31482,26864,22208,17200,12805,18792,22183,14874,9034,3653,2549,2276,2205,286,214,381,41,147,286,42,0,3,1,2,1,5,3,16
32399,21617,17418,15693,15094,14527,14127,29058,26915,10387,3532,688,359,253,303,40,40,19,6,8,50,0,0,0,0,0,0,0,1,4
23224,22706,21619,17964,15024,12190,8999,16915,11175,6843,4932,3107,2112,1496,1971,82,120,42,67,110,389,1,0,1,0,0,0,2,0,12
248352,226536,212924,189738,162580,132725,105766,182748,186419,101446,50471,26540,18340,13446,8360,2615,2360,923,883,697,2099,30,5,22,3,14,4,21,21,360
50764,43167,38124,33133,29301,26249,24921,60920,39575,16495,7721,3631,2222,1317,923,332,339,166,62,60,465,14,4,9,3,5,3,24,21,101
3398,3324,2877,2530,2126,1773,1519,2598,2317,1296,592,292,228,188,105,22,27,15,18,10,20,0,0,1,0,0,0,0,0,8
12953,10971,9894,8988,7920,6742,6248,11851,10209,6026,2363,966,478,408,245,46,39,20,8,10,34,0,0,0,0,0,0,0,0,9
6535,5462,4946,4327,3852,3543,3342,7717,5185,2219,1097,480,277,200,151,25,12,4,4,8,24,0,0,0,0,0,0,0,0,6
118665,124483,124732,116974,105714,89639,75191,142322,101384,46940,23117,10820,6564,4601,2515,948,798,323,246,172,560,12,5,13,4,5,6,9,12,156
5134,4766,4600,4122,3633,3298,2572,5173,4726,2019,1040,363,183,59,107,7,11,4,5,8,9,0,0,0,0,0,0,0,0,1
22183,17199,14330,12487,11096,9763,8879,19032,16081,8267,3670,1369,861,525,366,59,59,19,18,10,54,0,0,1,0,0,0,0,0,4
10062,9531,9563,8576,8261,7146,5654,11446,9251,3236,1556,900,520,376,353,80,71,22,36,32,94,0,0,0,1,0,1,0,1,17
16980,14208,11849,9501,7490,5880,4765,8417,8462,5782,2900,1657,1227,1533,1412,141,104,60,80,59,67,2,0,0,0,1,0,1,1,16
16477,13852,11071,9526,7853,6789,5593,10492,9955,6469,3423,1349,896,900,783,69,71,22,30,16,32,0,0,0,0,0,0,0,0,8
26779,24608,22375,19786,17675,14854,12146,21309,14869,7912,4910,3075,2336,2069,1052,198,192,48,33,62,137,4,2,4,0,2,1,1,1,44
7203,6441,4930,4040,3195,2650,2328,3814,3694,2287,1425,816,605,596,341,39,62,8,14,5,7,0,0,1,1,2,0,0,0,7
86345,86806,85668,78081,69038,56819,47871,91934,81872,36876,13620,5985,3062,1849,1039,281,197,78,100,100,182,4,0,1,0,2,0,0,2,25
33567,29313,25531,21035,17139,14063,12032,23094,21509,13920,6861,3279,1768,965,581,153,167,79,64,31,125,0,0,1,2,1,0,0,2,16
2767,2610,2367,2303,2017,1833,1502,3635,2815,951,410,138,76,63,63,19,11,0,0,0,14,0,0,0,0,0,0,0,0,3
6741,6840,6322,5150,4118,3249,2858,4833,3640,2609,1428,796,487,309,183,40,16,20,8,6,16,0,0,0,0,0,0,1,0,2
13092,13669,13624,12316,10796,9468,7781,15060,12131,4932,2199,943,626,441,251,34,49,24,12,20,50,0,0,0,0,0,0,0,0,4
3397,2695,2396,2121,1768,1615,1395,1335,1204,2091,2860,1593,986,488,359,177,92,103,67,44,14,11,5,1,2,4,18,0,0,1
8744,7753,7203,5984,5149,4236,3807,6712,4805,3064,1630,951,804,639,379,132,112,48,30,41,83,1,0,2,0,3,1,2,2,22
4999,4652,4046,2932,2106,1755,1500,2365,2167,1232,871,932,801,530,150,42,26,20,10,11,7,1,0,2,0,1,0,0,1,9
7875,6353,5214,3867,3005,2330,1810,2404,3280,1999,1218,814,774,725,1093,40,33,13,12,13,45,1,0,0,1,0,0,0,0,5
16116,12043,9507,7444,5907,4512,3674,5579,6149,4417,3176,2072,1503,1341,1094,263,163,94,98,44,97,2,0,4,0,2,1,2,1,37
5257,3611,2914,2381,1883,1567,1549,2031,2693,2082,1286,674,386,258,313,61,53,30,36,44,58,0,0,0,0,0,0,0,0,5
11542,12206,11622,10026,9350,9097,10002,18648,7790,4198,1871,890,516,255,213,44,32,21,14,15,45,0,1,3,0,0,0,1,0,10
6710,5547,4195,2954,2232,1756,1467,2618,2385,1469,959,702,588,872,533,80,33,38,12,16,26,3,0,0,0,0,0,0,0,3
43931,33885,28154,21472,16326,13178,10757,18981,17963,13508,8171,4872,3602,2943,1911,421,377,196,251,209,418,3,3,3,1,1,0,0,5,25
