71
18
7
4
106
4
36
3
54
2
5
1
3
2
6
3
2
1
14
96
82
151
29
83
260
2
5
4
5
3
97
9
3
14
1
2
3
1
3
95
103
1
5
4
5
6
2
7
1
1
2
49
1
5
3
1
3
7
4
4
1
3
2
3
1
1
2
2
3
2
61
5
3
3
11
3
6
1
4
1
1
3
17
1
2
17
35
2
3
1
3
195
5
185
10
2
39
1
4
1
5
66
1
1
9
1
3
4
6
1
5
2
12
6
4
14
2
65
2
5
3
1
34
13
2
10
206
9
2
2
10
4
8
2
8
4
12
30
217
11
1
15
3
2
2
7
7
14
3
2
3
2
3
1
35
1
2
2
163
44
69
144
9
3
20
5
7
23
8
1
3
6
1
130
2
7
15
1
23
2
5
5
3
2
107
2
26
48
4
2
6
2
30
13
7
1
4
5
21
292
6
2
4
1
3
10
16
3
1
2
7
4
2
4
2
3
6
7
1
96
1
4
1
51
2
1
2
2
2
5
3
4
1
4
23
3
22
2
1
1
8
1
3
3
2
29
2
1
4
8
1
3
12
2
2
2
55
3
6
2
3
5
2
2
3
8
13
4
4
26
8
21
4
16
272
33
34
5
37
101
12
27
133
4
42
14
120
2
22
32
9
5
23
102
24
101
65
12
69
23
30
2
124
51
187
4
16
13
28
26
6
55
13
10
12
40
16
79
13
241
64
6
10
24
10
1
1
58
206
26
18
4
35
20
40
41
9
4
28
19
1
99
179
27
31
131
10
1
2
14
48
33
6
12
13
29
119
46
1
63
2
3
3
28
19
16
104
32
41
172
37
19
37
7
5
308
87
19
9
111
1
3
50
48
2
56
21
350
5
117
12
4
19
49
2
58
6
54
76
36
56
57
63
168
10
135
84
24
52
258
11
15
8
6
9
64
80
620
262
33
2
14
22
18
30
2
152
91
19
18
22
15
89
49
53
4
19
8
58
4
35
26
12
19
3
170
77
22
47
174
81
7
62
25
83
14
4
89
49
82
47
51
25
17
31
8
34
122
12
28
1
15
55
144
29
8
132
2
86
142
24
2
375
110
2
21
2
14
120
121
20
63
42
192
21
42
25
39
32
5
