127468,147464,160762,162738,154998,128969,99668,184967,161113,54655,14152,6030,2782,1644,806,341,408,91,70,55,224,0,2,6,1,1,1,6,1,71
46609,51074,51724,50704,48833,44920,40393,88516,48899,14534,4009,1648,839,506,237,129,150,36,18,12,68,0,1,0,0,1,0,3,0,18
2839,2460,2294,1879,1450,1075,680,634,1144,1385,635,456,326,264,123,40,14,16,7,3,9,0,0,0,0,0,0,0,0,7
2036,2000,1989,2151,2120,2136,2106,1865,1696,1647,1477,1258,1055,967,1238,1890,1635,1684,1059,749,499,279,157,193,144,130,137,88,39,28
61597,63747,66296,66199,64013,56986,49623,98725,58265,21888,8474,4374,2440,1535,907,431,456,85,96,59,335,3,1,9,0,1,1,7,7,106
2931,2642,2579,2453,2286,1881,1509,2639,1921,768,422,368,268,244,135,35,48,9,24,42,82,0,0,1,0,0,0,0,3,4
22588,28586,30169,29483,27461,22952,19075,33787,23639,9900,4554,2058,1242,711,401,97,168,26,30,17,116,1,0,4,0,0,2,4,0,36
2371,2265,2343,2139,2134,1978,1541,2542,2426,1001,355,135,84,54,25,15,20,11,0,0,2,0,0,1,0,0,0,0,0,3
48557,60146,64728,64478,61668,52520,44729,95155,57023,14318,4519,2677,1972,1378,904,412,318,138,148,122,191,8,1,5,4,5,0,4,1,54
1715,1962,2015,1984,1938,1792,1649,1642,1347,1346,2817,1845,922,628,348,266,189,163,86,81,29,20,11,5,4,2,12,2,2,2
2108,1793,1751,1794,1791,1660,1557,2368,1648,917,396,85,39,52,30,15,14,0,2,0,11,1,0,0,0,1,0,1,0,5
1549,2014,2038,2092,2038,1686,1552,2751,1752,641,263,74,50,42,15,25,15,0,4,0,10,0,0,1,0,0,0,0,0,1
1824,2091,2153,2006,1795,1439,1233,2203,2018,834,368,88,54,20,25,2,11,0,2,0,4,0,0,0,0,1,0,0,0,3
5831,4715,3772,2863,1983,1337,881,778,901,1258,1018,864,743,773,508,61,32,23,12,59,24,0,0,1,0,1,0,0,0,2
29496,34517,35387,33646,30826,27854,25610,52377,29285,10774,3609,1028,628,245,159,63,54,29,29,36,67,0,0,0,1,1,1,1,1,6
2794,2431,2111,1990,1968,1832,1911,4791,2058,425,205,130,98,76,39,34,13,4,4,10,13,1,0,0,1,0,0,0,0,3
1736,1878,1737,1727,1632,1535,1420,3338,1590,490,145,94,33,17,12,3,6,2,2,0,4,0,0,0,0,0,0,0,0,2
34493,52809,60336,59754,58597,51726,45179,96521,48696,11445,2620,823,352,280,90,14,5,2,6,0,0,0,0,0,0,0,0,0,0,1
54385,62942,62624,59921,56932,50408,45157,97867,51800,13183,4015,2262,1998,2018,1354,129,103,61,51,31,39,1,1,0,0,1,0,1,1,14
115602,130374,142319,154196,155926,133185,102998,192340,155801,43211,10967,4234,2584,1682,1028,408,510,93,99,72,419,4,2,4,2,2,2,7,2,96
138618,126124,120351,109172,99909,90312,84743,210261,116235,43830,17136,7909,4040,2276,1289,527,456,133,133,81,407,6,0,3,0,1,0,3,9,82
108468,154210,172088,176831,175661,152551,118112,229259,167828,43286,12438,5381,3008,2056,1264,410,648,85,108,55,551,3,7,9,1,2,8,10,6,151
29026,25857,25541,23627,21084,16928,13392,20111,23381,14824,6226,2696,1474,908,426,201,215,52,45,35,131,1,2,4,1,0,1,3,2,29
40828,41470,41719,39173,36538,30793,25410,44277,32203,18380,8566,4311,2298,1433,831,351,360,102,107,81,274,1,2,4,3,1,1,1,3,83
105042,129349,138252,146700,150725,132092,106641,212614,136140,34199,11291,6456,4267,3155,1972,506,875,81,80,64,951,3,8,21,0,1,6,24,22,260
1940,2521,2792,2766,2683,2551,2365,5766,2007,470,99,33,13,10,4,3,2,0,0,0,4,0,0,0,0,0,0,0,0,2
12192,17986,19900,20052,21265,20209,18301,38548,14834,3020,912,357,213,85,67,15,11,4,0,7,32,0,1,0,0,0,1,1,1,5
2688,2354,2293,2076,2051,1882,1590,3349,2147,742,407,127,77,77,19,26,20,6,8,2,6,0,1,0,2,0,0,0,0,4
9015,10171,10671,10401,9964,8766,7253,12919,7456,4485,1449,673,384,187,66,37,15,14,6,4,25,0,0,0,0,0,0,0,0,5
1900,1875,1852,1849,1696,1465,1120,1624,2120,942,227,123,62,36,19,14,9,8,6,0,6,1,0,1,0,0,0,0,0,3
197411,229821,235362,231633,230630,217400,208903,469544,192790,48385,14565,5964,3066,1900,1118,430,553,101,93,77,478,2,0,4,0,4,2,3,7,97
2474,2487,2409,2222,2119,1713,1395,2405,1890,1005,582,313,200,136,61,26,35,12,6,6,18,0,0,0,0,0,1,0,0,9
2783,2361,2349,2307,2123,1652,1293,2286,2312,1265,513,260,106,42,45,10,28,0,2,4,20,0,0,0,1,0,0,0,0,3
20433,17122,16561,15134,12883,10173,8310,10532,14690,10289,4975,2270,915,601,253,117,92,22,21,14,75,0,1,1,1,0,0,0,1,14
1980,1808,1823,1855,1654,1520,1485,2699,1841,670,302,119,69,34,25,16,18,4,8,2,18,0,0,0,0,0,0,0,0,1
2106,1880,1974,1801,1628,1210,817,1117,1607,1268,365,171,111,94,34,18,33,11,14,7,16,0,0,1,1,0,0,0,1,2
15944,16640,17602,15391,11368,7781,5109,5143,8966,9933,5042,2116,1082,517,141,53,41,24,16,23,20,0,0,2,0,2,0,0,1,3
3635,3156,2919,2669,2461,2235,2010,4328,3440,1385,452,123,35,31,23,13,11,2,0,0,8,0,0,0,0,0,0,0,0,1
3537,2844,2492,1962,1423,982,671,685,858,1079,859,525,379,356,242,35,23,18,5,4,7,1,0,2,0,0,0,1,0,3
173458,166319,159578,149451,139913,125800,114750,261894,170184,56263,16407,6610,3034,1719,1111,471,452,90,82,54,379,3,3,7,1,3,2,12,1,95
142851,112908,102942,94569,85770,76230,69195,146303,126821,56799,18578,7206,3859,2225,1373,540,525,101,91,70,439,4,4,9,2,3,5,5,1,103
2386,2263,2233,2153,2026,1748,1362,1140,993,1265,1601,1459,799,485,299,149,108,56,43,20,18,22,7,6,4,1,6,0,0,1
8616,7388,6239,4912,3793,2901,2125,2538,3138,2844,2038,1227,800,591,329,63,53,20,18,15,24,0,0,0,0,0,0,0,2,5
3081,2704,2652,2049,1734,1373,1140,1562,1435,1203,646,486,383,215,96,34,33,6,8,2,10,0,0,0,0,0,0,0,0,4
12302,10200,9819,8623,7417,6220,5049,5571,8277,9864,4064,1550,511,287,120,55,70,23,14,14,38,1,1,0,0,0,2,0,0,5
4994,4343,4076,3633,2982,2199,1794,2162,2959,2318,1129,577,395,245,122,26,27,10,14,6,20,0,0,0,0,0,0,0,0,6
1741,2270,2841,2647,2321,1931,1401,2454,2812,855,276,82,41,11,9,5,20,2,2,2,6,0,0,0,0,0,0,0,0,2
4385,3672,3356,2680,2000,1360,872,791,1044,1635,1349,934,541,494,156,39,45,18,12,17,29,0,0,1,0,0,0,1,2,7
1741,2122,2214,2158,2021,2037,1964,1880,1837,3021,4916,1772,559,222,145,66,53,36,6,8,28,6,7,0,2,2,0,0,4,1
6069,5138,4646,3611,2637,1804,1169,904,1347,2186,1721,1180,835,562,193,49,19,12,12,10,12,0,0,0,0,0,0,0,0,1
2136,1735,1643,1747,1739,1538,1466,1267,992,826,685,598,819,972,1196,1494,898,458,388,168,118,97,75,21,12,13,7,8,2,2
43663,48188,47719,46068,44046,39651,34673,70768,36935,12325,5841,3531,2462,1866,1120,410,375,159,127,92,270,3,0,5,3,3,0,1,2,49
967,1573,1876,2048,2223,2184,1903,1487,1140,2309,2648,1225,214,57,27,23,19,9,0,6,6,3,2,0,0,0,10,0,0,1
4385,3672,3609,2903,2435,1914,1538,1697,2514,1797,1034,552,409,290,188,65,61,25,22,21,20,1,1,0,0,0,0,1,1,5
1667,1912,1883,1841,2114,2143,1907,4329,1455,269,107,27,26,20,11,5,11,0,2,0,6,0,0,0,0,0,0,0,0,3
2174,1789,1725,1741,1576,1327,1162,1972,1918,999,307,158,85,32,15,9,24,6,0,2,10,0,0,0,0,0,0,1,0,1
2870,2874,2817,2248,1872,1428,926,778,1154,1280,886,569,341,203,74,23,5,4,2,0,16,0,0,0,0,0,0,0,0,4
6943,7503,8030,8695,8563,7446,5953,11958,8021,2146,678,316,255,149,128,33,44,25,18,16,82,2,0,5,0,0,1,0,0,7
3001,2901,2950,2495,2054,1601,1219,1375,1925,1361,785,407,200,105,48,34,26,16,8,4,16,0,0,0,0,1,0,0,0,4
1416,1660,1863,1987,2110,2026,1820,1521,1312,1037,1438,2263,1743,944,386,175,72,39,33,18,3,0,3,4,0,0,4,0,0,6
986,1329,1595,1590,1556,1520,1513,1136,1058,2127,1393,564,227,159,85,32,39,32,8,8,6,4,0,6,0,2,2,0,0,1
2622,2772,2954,2772,2368,1772,1130,1383,2169,1652,639,305,126,62,41,18,44,6,2,2,5,1,0,0,0,0,0,0,1,3
1393,1718,1906,2007,2062,2018,1980,1800,1601,1283,2535,2982,1790,684,297,129,51,20,23,12,10,8,4,4,0,2,4,0,2,2
2619,2415,2447,2642,2279,1964,1502,2288,2853,1292,366,109,59,44,13,7,3,2,7,2,10,0,0,0,0,0,0,0,0,3
2738,2987,3073,2588,2376,1985,1724,3035,1895,965,498,296,142,126,74,26,9,5,11,8,2,0,0,0,0,0,0,0,0,1
4537,4347,4490,4223,3785,3014,2368,3761,4212,2327,757,337,114,39,17,10,13,4,4,0,8,0,0,0,0,0,0,0,0,1
3167,3415,3487,3330,3120,3068,2753,5648,3020,934,351,149,87,23,42,13,30,0,2,0,17,1,0,0,0,0,0,0,0,2
2647,2006,1951,1705,1388,1140,1064,1536,1600,1489,699,303,127,81,30,30,56,8,2,6,18,1,0,0,0,0,0,0,0,2
4191,5325,5649,5755,5490,4721,3593,6759,5187,1913,589,215,68,54,22,8,12,3,1,0,2,0,0,0,0,0,0,0,0,3
2157,2310,2097,2024,1933,1938,1915,4247,1775,552,166,98,70,22,12,5,16,0,4,0,2,0,0,0,0,0,0,0,0,2
44642,51247,52039,48130,42636,34259,25092,44044,38526,16062,7407,4461,3020,2722,2734,426,391,267,414,325,605,1,0,5,1,3,0,6,4,61
2708,2447,2467,1958,1781,1361,1056,1375,1292,1116,582,358,218,183,94,30,39,12,12,11,23,0,1,0,0,1,0,1,0,5
2344,1980,1936,1872,1826,1784,1603,2910,1347,891,484,225,145,138,60,20,26,8,0,4,16,0,0,1,0,0,0,0,0,3
2684,2431,2251,2305,1858,1659,1179,1744,2407,1429,496,256,126,65,31,5,15,4,8,0,12,0,0,0,0,0,0,0,0,3
213579,267300,284987,283721,276018,251426,221924,488327,266164,59319,14193,4037,1906,1033,1171,116,198,43,49,132,411,2,2,2,0,3,0,2,1,11
2745,2307,2409,2319,2194,1961,1585,3042,1909,823,410,150,171,107,73,21,36,13,14,12,13,0,0,1,0,0,0,0,1,3
6152,5799,6768,6914,6130,4612,3118,4703,7002,3164,1170,431,198,108,129,35,34,15,16,19,32,0,0,1,0,0,0,1,0,6
2114,2247,2194,2208,2082,1863,1632,3186,1744,795,327,163,73,65,44,25,16,11,2,10,12,3,0,0,0,0,0,0,1,1
6107,7147,7797,8586,8605,8530,8227,7797,7232,6338,12572,12636,7154,2246,669,217,73,40,7,14,7,11,0,0,0,0,0,0,0,4
2013,1748,1723,1626,1473,1360,1198,1652,2184,1111,587,336,179,120,37,29,7,5,12,2,3,0,14,0,0,0,0,0,0,1
2381,2539,2660,2588,2251,2129,1688,1391,2066,2455,1242,730,429,283,196,149,111,22,7,2,5,1,1,0,0,0,0,0,0,1
2767,2617,2715,2515,2396,2071,1704,3168,2195,988,387,238,151,77,82,14,20,6,4,4,16,0,0,0,0,1,0,0,0,3
47084,56111,59717,55368,47176,35829,25490,36378,45420,25731,10494,4081,2091,1325,734,107,145,56,35,50,95,1,1,0,0,1,0,2,0,17
2471,2382,2616,2717,2676,2627,2234,5079,2693,520,123,27,8,7,1,0,2,0,2,0,0,0,0,0,0,0,0,0,0,1
2587,2635,2958,2959,2679,2082,1734,2818,2790,1230,415,174,72,44,20,19,3,2,2,4,0,0,0,0,0,0,0,0,1,2
28349,30241,32614,32342,30495,25394,21123,42478,33908,11473,2821,1063,453,401,206,113,155,67,86,48,107,3,1,1,0,0,0,1,2,17
23379,25101,25069,23364,22210,19217,16210,31668,19173,7967,3751,2269,1389,809,449,204,206,50,40,37,114,0,0,4,2,1,0,0,0,35
1913,1926,2098,2277,2343,2072,1793,1512,1224,940,1250,1925,1991,1460,629,279,105,53,22,25,4,0,3,0,0,0,0,0,0,2
2096,2036,2056,2190,1885,1560,1229,2272,2099,887,224,76,48,19,38,19,17,4,40,12,26,1,1,0,0,0,0,0,1,3
1822,2203,2235,2432,2249,1911,1622,3168,2015,811,184,146,63,15,25,2,5,5,3,1,5,0,0,0,0,0,0,1,0,1
2508,2137,2131,1941,1693,1466,1230,1831,1850,1092,456,183,149,97,53,23,18,4,8,2,10,0,0,0,0,0,0,0,0,3
171209,140412,136038,130567,123780,112987,102699,202015,129512,62229,27784,13465,6961,4803,2862,1084,1153,349,303,268,1003,5,4,9,3,2,1,11,6,195
1371,1907,2106,2048,2050,2164,1939,3657,1429,410,192,113,67,57,25,17,27,4,1,0,15,1,0,0,0,0,0,1,0,5
284739,294442,303941,301710,295514,269357,241512,499590,295059,95800,28916,10609,5916,4034,2296,871,946,238,179,130,820,5,3,14,5,3,5,17,6,185
1879,2133,2279,2272,2104,1949,1591,1369,1136,907,1259,1636,1423,904,622,390,232,171,122,88,59,12,11,13,6,13,3,8,8,22
2322,2106,2078,2010,1889,1718,1487,2392,2140,1056,319,160,35,62,13,6,25,8,3,2,4,0,0,0,0,0,0,0,0,2
149250,160106,166142,162098,154836,141944,131881,282370,145389,51370,15968,5851,2738,1613,743,248,231,64,56,45,195,1,4,4,1,1,1,4,2,39
2135,1983,2000,1962,2012,1631,1335,2473,2239,800,216,71,58,35,12,21,13,3,6,12,58,0,0,1,0,1,0,0,0,1
1948,1868,1937,1991,1738,1417,1058,1707,2098,789,359,107,104,82,34,25,29,8,21,10,60,1,0,2,0,0,1,0,0,4
2147,3192,3112,3005,2824,2384,1863,3485,2109,649,505,295,158,98,18,2,9,2,2,2,0,0,0,0,0,0,0,0,0,1
3852,5093,5553,5197,4742,3975,3059,5228,4331,1892,610,330,148,121,45,11,21,8,6,12,15,1,0,0,0,0,0,0,0,5
63337,58762,59675,56158,50921,42696,35264,58567,60322,29950,10557,4340,1935,1303,683,305,353,81,63,56,241,3,4,5,0,0,0,10,4,66
1907,2735,3032,2829,2419,1694,1190,1651,2272,1337,565,164,89,27,20,12,11,0,0,0,2,0,0,0,0,0,0,0,0,1
1825,1948,1865,1838,1914,1966,1937,3796,1515,436,162,108,86,56,19,4,14,3,4,0,12,0,0,0,0,0,0,0,1,1
63324,82947,85498,82137,82006,77228,77665,185101,66036,12479,1958,588,267,91,59,23,29,3,6,4,16,0,0,1,1,0,0,0,0,9
1412,1842,1994,2044,1987,1814,1584,3317,1868,408,99,31,15,26,5,7,0,0,0,0,2,0,0,0,0,0,0,0,1,1
2736,2570,2531,2222,2083,1757,1477,2588,2429,1179,455,262,90,51,51,18,9,3,6,2,10,0,0,1,0,0,0,0,1,3
2012,2001,1945,2162,1988,1680,1506,3204,1926,802,202,58,28,30,13,3,17,2,0,2,6,0,0,0,0,0,0,0,1,4
2457,2044,2153,1871,1651,1402,1175,1602,2053,1102,409,261,195,107,62,35,21,13,2,14,20,0,0,1,0,0,0,0,0,6
2619,2364,2468,2294,2104,1944,1806,3293,2118,961,406,187,113,44,30,16,11,4,0,4,12,0,0,0,0,0,0,0,0,1
4805,4171,4317,3806,3264,2581,2133,2694,3921,2378,1096,444,200,87,54,36,13,10,11,3,12,0,0,0,0,0,0,2,0,5
1689,1901,2076,2235,2211,2100,2001,1681,1327,1122,1576,2362,1809,1001,461,252,107,65,45,23,9,7,3,0,0,2,0,2,0,2
6743,8860,9595,9524,9704,8536,6889,14589,7910,1766,697,463,397,248,130,97,65,36,39,35,35,4,0,1,0,1,0,0,0,12
32893,35769,36993,35262,32604,27451,22258,43453,36566,13243,4015,1599,892,510,167,52,47,4,10,4,36,0,0,0,0,0,2,3,0,6
4298,4774,4694,4749,4656,3958,3003,5614,4445,1516,526,337,209,134,86,21,31,14,8,11,21,1,0,3,0,0,1,0,1,4
4330,5702,5987,5941,5634,4858,4068,7564,5241,1535,547,318,230,168,116,51,47,25,16,12,23,2,0,0,0,0,0,2,0,14
2842,2594,2563,2138,1865,1399,1199,2100,1649,1171,530,274,174,134,29,25,26,6,6,4,10,1,0,0,0,0,0,0,1,2
147488,128079,113499,100331,94933,91181,92587,230880,122785,41362,13127,4318,2453,1868,1037,286,290,108,74,56,288,4,4,5,2,1,1,9,4,65
2817,2897,2611,2273,1858,1660,1455,2593,1952,1048,450,203,115,187,108,4,4,0,4,2,28,0,0,0,0,0,0,0,0,2
2589,2366,2270,2278,2049,1811,1446,2479,2721,1206,326,129,89,63,43,10,18,4,3,6,37,2,0,0,0,0,0,0,0,5
2094,1815,1746,1679,1583,1416,1206,2229,1928,853,247,85,45,49,29,23,23,0,4,2,126,0,0,1,0,0,0,1,2,3
4336,4300,4087,3654,3331,3104,2779,5882,3815,1617,595,179,95,67,43,9,2,4,4,2,6,0,0,0,0,0,0,0,1,1
67457,64472,62474,58725,53530,46053,39710,75466,64173,28557,9203,3432,1699,1055,570,212,202,119,43,52,195,15,1,1,2,3,0,5,6,34
29736,42131,48178,49688,48438,40966,32835,64658,46512,11857,2457,773,391,247,184,66,119,30,21,20,55,1,1,2,0,1,0,5,0,13
1806,2052,2222,2008,1746,1584,1554,1313,1242,1157,1497,3516,1974,848,442,336,193,98,64,56,61,66,14,13,6,10,6,4,6,6
20596,28010,29413,28947,27890,24468,21428,42894,20906,7247,2954,1309,755,499,388,57,48,29,44,29,108,1,1,0,1,2,0,1,0,10
122654,111401,110754,106697,100720,88428,75603,143699,110962,47694,19319,9135,5240,3074,1886,718,796,151,117,69,770,4,5,13,3,1,9,23,12,206
40180,48422,53805,56075,56827,50953,43778,90259,48721,13172,3601,1242,538,302,178,62,66,17,10,8,58,1,0,2,0,0,0,2,2,9
2201,2654,2780,2865,2922,2234,1741,3354,2775,994,219,126,68,30,11,8,7,3,5,4,0,0,0,0,0,0,0,0,0,2
3245,2637,2407,2088,1866,1621,1330,2242,1953,991,566,264,164,161,159,20,36,16,20,28,43,0,0,0,0,0,0,0,1,2
3678,2788,2701,2483,2336,2046,1804,3172,2811,1427,755,322,197,127,92,30,31,5,16,8,21,0,0,0,0,0,0,0,1,10
2518,2885,2798,2546,2636,2509,2433,5267,2569,612,178,151,121,51,54,8,3,0,0,2,8,0,0,0,0,0,0,0,0,4
12122,10121,10198,8398,6912,5710,4226,4041,5761,15196,3705,1781,959,589,381,149,211,89,62,44,182,1,0,1,0,0,0,0,1,8
7241,7958,8488,8784,7986,6273,4647,7134,8891,3618,1028,359,235,89,55,11,16,3,5,2,21,0,0,0,0,0,0,1,0,2
6023,6177,6110,5218,4746,4153,3526,6952,3910,1926,993,685,445,350,139,50,60,18,15,11,20,1,2,0,0,0,1,1,0,8
1518,1753,1985,1978,1986,1991,1872,1720,1603,1356,2603,3025,1741,587,193,79,54,16,13,11,3,10,0,2,4,2,1,0,0,4
1158,1499,1622,1791,1726,1654,1482,1257,1068,872,1398,1581,1319,845,357,139,64,33,32,9,8,14,6,4,4,4,2,3,0,15
18653,15667,14715,12499,10483,8244,6201,7097,10304,8356,4459,2623,1646,951,421,119,134,45,30,20,82,2,1,2,1,1,2,0,1,30
200811,199332,194535,179055,168276,152869,139073,296602,174310,62094,24871,11871,6890,4599,3121,1178,1281,398,435,392,982,13,10,8,5,10,5,11,13,217
5833,5603,6059,5789,5113,4288,3273,5550,6044,2839,989,446,249,199,107,29,44,7,11,10,32,0,0,1,0,0,0,0,0,11
3050,3297,3217,2735,2278,1901,1609,2382,2026,1286,677,354,138,164,49,4,14,2,2,2,0,0,0,0,0,0,0,0,0,1
17992,23454,25048,24314,23652,20526,17293,34610,20097,7304,2676,1161,588,307,180,89,71,19,16,16,54,0,0,1,0,0,0,1,1,15
2412,2111,2028,2080,2013,1803,1338,2448,2515,1034,268,122,105,49,38,9,19,6,0,6,14,0,0,0,0,0,0,0,0,3
1711,2237,2513,2204,1987,1488,1168,1654,1944,1084,419,151,71,28,15,5,18,0,0,0,6,0,0,0,0,0,0,0,0,2
2806,2709,3044,2743,2319,1611,1232,1729,2189,1722,590,307,97,62,18,20,14,2,4,2,6,0,0,0,0,0,0,0,1,2
11520,13360,13469,11965,10234,7488,5648,9291,10199,5273,2278,1075,596,530,354,46,33,18,11,6,46,3,0,0,0,0,0,1,2,7
14606,14062,15304,15416,14594,11786,9245,16002,16245,7262,2070,607,237,131,54,35,39,19,9,8,14,1,0,0,0,0,0,0,0,7
1719,1758,1854,1920,1806,1778,1650,1487,1241,952,1509,1800,1608,1001,511,292,121,101,53,49,16,12,8,6,5,2,4,2,0,14
1800,1705,1657,1579,1575,1596,1298,2529,1591,616,217,132,36,42,23,5,23,1,6,4,14,0,0,0,0,0,0,0,0,3
3281,2816,2640,2297,1921,1637,1230,1515,1376,1475,796,518,298,187,84,38,20,26,10,14,18,22,0,0,0,0,0,0,0,2
1648,2272,2167,2064,1847,1562,1082,2397,1988,638,313,137,59,23,12,0,11,2,6,0,4,0,0,0,0,0,0,1,2,3
3371,2987,3321,3305,2671,1961,1302,1521,2763,2707,794,274,131,57,29,25,8,2,4,0,7,0,0,0,0,0,0,0,0,2
2428,2558,2475,2178,2076,1876,1437,3238,1961,939,372,164,96,58,19,13,17,3,2,0,2,0,0,0,0,0,0,0,0,3
2432,2207,2362,2314,2167,2041,1738,1414,1362,1969,2025,1576,682,350,148,89,75,57,31,3,4,3,2,2,0,0,0,0,0,1
33278,37143,37917,34942,30570,24625,18235,29717,29160,15539,7037,3691,2099,1070,495,217,194,42,50,37,85,2,2,2,0,1,0,0,3,35
2662,3055,3063,2696,2558,2308,1800,3316,1994,874,422,317,202,112,58,5,6,5,4,1,4,0,0,0,0,0,1,0,0,1
2496,2478,2377,2364,2268,1938,1662,3097,2374,876,372,166,93,22,29,7,23,6,1,5,8,1,0,0,0,0,0,0,0,2
6175,6191,6477,6858,6948,6971,6675,6129,5108,4580,8291,9450,5813,2936,1041,474,202,86,26,27,8,2,2,10,0,2,0,0,0,2
124267,126165,125277,118496,108911,93610,78388,142997,113234,49636,21766,10320,5425,3159,1729,738,710,180,91,74,574,7,8,17,4,1,3,15,11,163
64637,64554,64971,63247,59292,51830,44641,84101,67918,26305,8103,3048,1460,913,460,149,210,48,36,26,146,1,1,0,1,0,1,2,3,44
164114,177971,187140,178778,160434,129493,103457,182703,157453,82645,30106,11568,5381,2620,1162,472,394,117,142,97,210,5,1,2,0,3,0,2,5,69
112820,108685,107054,99173,90425,75514,63595,113768,85220,41138,18778,11138,6073,4352,2257,883,756,334,343,231,598,10,2,7,1,7,2,5,13,144
2853,2738,2674,2601,2268,1744,1208,1769,2296,1476,624,283,127,75,51,10,21,4,9,2,8,0,1,0,0,0,0,0,0,9
2809,2252,2138,2076,2023,1677,1343,2352,2056,1097,573,190,118,59,41,14,20,10,2,6,8,0,0,0,0,0,1,0,0,3
20653,25465,28538,30199,28768,23197,17536,32926,29085,9237,2257,812,419,233,171,86,74,21,10,22,50,1,1,1,1,0,0,2,4,20
1937,1795,1549,1473,1365,1365,1430,2636,1205,658,318,161,118,79,30,15,31,6,10,2,10,0,0,0,0,0,1,0,0,5
3876,3122,2445,1746,1168,829,583,474,577,881,742,581,452,527,420,58,33,12,19,18,31,0,2,0,1,0,0,0,0,7
40208,43228,44446,44222,43401,38681,33105,66921,43574,13740,4538,1781,830,571,280,115,129,37,34,18,124,0,2,2,1,0,0,0,3,23
8497,14361,19690,24110,27652,29661,29025,29116,29822,30650,31633,32510,32645,31502,29680,27205,27001,58133,72293,48911,25160,11186,4478,1561,700,270,125,78,54,20
2849,2413,2371,2488,2429,2114,1859,3383,2509,1122,401,170,52,35,18,8,3,0,1,0,0,0,0,0,0,0,0,0,0,1
4835,4593,4633,3837,3185,2169,1759,1991,3152,2343,995,609,381,239,95,33,27,12,0,6,14,0,0,0,0,0,0,1,0,3
2377,2402,2316,2100,2140,2029,1882,4159,1869,695,308,171,62,50,42,33,27,12,10,11,8,0,0,0,0,0,0,0,0,6
2362,2510,2507,2365,2164,1627,1323,1856,2375,1266,423,144,110,17,15,6,6,2,0,0,0,0,0,0,0,0,0,0,0,1
97920,106759,103507,94522,88311,79628,72439,171529,92769,30264,11718,5821,3685,2237,1395,522,617,119,95,84,571,7,7,9,2,2,7,10,13,130
1487,2154,2514,2718,2475,2211,2100,4170,2065,540,91,47,21,16,6,6,9,0,0,0,0,0,0,0,0,0,0,0,0,2
4387,4526,4195,3935,3141,2126,1395,1528,2569,1991,1027,496,371,352,327,63,92,45,32,40,71,1,1,0,2,0,0,0,2,7
11453,14020,13905,13243,13342,13074,14509,27087,8729,2919,1348,771,420,260,131,68,44,14,13,15,46,1,0,0,0,0,0,1,2,15
2549,1900,1744,1689,1738,1616,1517,3369,1886,825,324,161,94,52,42,5,28,4,5,0,4,0,0,0,0,0,0,0,0,1
52596,74398,82750,84932,85642,78985,71989,160141,65164,12345,3188,1443,710,491,260,96,100,26,23,11,100,0,0,1,1,1,1,4,1,23
2571,2177,2415,2200,2125,1846,1608,2729,2235,1065,371,132,73,33,12,5,5,2,4,0,2,0,0,0,0,0,0,0,0,2
3245,2617,2281,1982,1729,1479,1253,1886,1310,1338,735,453,246,231,172,28,28,22,12,8,31,1,0,2,0,0,0,0,0,5
2840,2505,2494,2141,2060,1641,1287,2060,1862,1085,559,311,247,150,104,45,31,20,21,18,23,0,0,0,0,0,0,0,2,5
1386,1858,2027,1989,1890,1596,1155,2535,1906,571,176,82,59,21,16,0,5,1,0,6,2,0,0,1,0,0,0,1,0,3
2599,2229,2601,2655,2333,1594,1199,1568,2507,1472,339,181,81,26,28,22,8,14,26,22,28,0,0,0,0,0,1,0,0,2
95766,97836,99840,96259,89942,80088,69141,127902,94632,38074,13291,5969,3075,1840,969,433,453,108,60,47,354,4,2,7,1,6,4,10,9,108
1647,1843,1869,1992,1736,1586,1481,2983,1731,477,212,92,55,18,17,23,18,4,12,0,6,0,0,0,1,0,0,0,0,2
37471,33483,32578,28100,21802,17114,12716,14590,21211,19565,11176,5561,2209,1529,671,160,197,39,14,28,104,1,1,2,0,1,2,5,0,26
48870,47194,47603,45712,41251,34400,27661,52082,44561,21326,9496,4177,2125,1319,774,339,338,78,63,54,206,2,2,3,1,3,0,2,6,48
2456,2098,2125,1998,1886,1645,1620,3412,1698,964,368,161,87,29,45,9,42,3,3,2,12,0,0,0,0,0,0,0,0,4
2573,2331,2565,2726,2625,2106,1632,1825,2848,2375,608,227,92,46,17,18,15,13,2,3,1,1,19,0,0,0,0,0,0,2
2535,2245,2072,2063,1754,1453,1234,2401,1597,1097,468,249,140,103,30,18,33,11,2,6,25,3,0,0,0,0,1,0,1,6
1634,2008,2147,2171,2071,1813,1668,3117,1887,705,152,106,37,48,32,20,20,4,4,2,4,0,0,0,0,1,0,0,0,2
47694,40289,35710,31337,28412,25438,23245,57797,41093,15770,5011,2287,1345,728,383,157,146,45,26,26,113,4,1,1,1,0,0,4,3,30
2891,2351,2153,1861,1615,1199,1004,939,1665,1529,807,401,182,127,67,54,40,12,15,0,22,0,0,0,0,0,0,0,0,13
35969,37445,39497,35679,30171,24368,20869,36207,32046,19745,6250,2010,836,445,338,51,47,11,15,11,29,0,0,0,0,0,0,0,0,7
2568,2993,2988,2801,2479,2055,1407,2498,2291,1023,497,367,206,119,51,26,24,4,5,0,2,0,0,0,0,0,1,0,0,1
4709,4264,3896,3409,2543,1959,1588,2024,2708,1993,1121,472,304,236,187,29,16,17,2,10,14,0,0,1,0,1,1,0,1,4
3178,2554,2288,2074,1707,1313,992,1277,1547,1422,676,305,263,166,83,22,35,6,13,4,10,0,0,0,0,0,0,0,0,5
24818,25379,27694,27613,25818,21026,15983,28284,26343,11020,3646,1720,905,554,254,151,185,50,38,28,68,2,0,0,0,0,0,0,1,21
212335,213824,213980,197598,179093,152181,124392,217283,184795,89318,38050,19593,10946,7261,3654,1202,1290,280,220,182,960,7,9,17,2,7,9,24,21,292
11098,9638,10162,9996,9527,7779,5991,9070,9908,5338,1972,744,296,237,73,25,49,12,4,7,36,2,1,0,0,0,0,0,2,6
3432,3305,3245,2995,2698,2052,1561,1983,2798,1790,611,356,187,171,50,24,31,10,8,8,8,0,0,0,0,0,0,0,0,2
1889,2004,2057,1875,1993,1645,1549,2968,1663,684,243,142,48,39,15,7,8,6,2,6,2,0,0,0,0,1,0,0,0,4
4759,4571,4395,3686,3258,2552,1923,2301,3588,2447,974,570,319,150,97,20,12,9,7,0,13,0,0,1,0,0,0,0,0,1
2212,2306,2571,2607,2532,1946,1250,2101,2972,1158,239,141,47,31,21,11,24,6,2,1,8,0,1,0,0,0,0,0,0,3
7638,5761,4705,3154,2110,1328,946,834,853,1167,1365,1167,1115,1410,824,108,80,36,36,35,65,3,0,0,0,0,0,0,1,10
61195,68528,73454,71640,67237,58511,48546,91941,72428,25961,7095,2287,898,479,288,143,93,25,7,16,48,0,0,0,0,1,0,0,1,16
3715,3686,3615,3249,2741,2197,1866,3234,2475,1713,781,372,216,94,50,22,19,10,6,6,39,1,0,0,0,0,0,1,0,3
2541,2770,2553,2503,2389,2187,2051,5100,2274,453,111,43,34,85,75,8,5,2,4,12,22,0,0,0,0,0,0,0,0,1
32689,42946,51727,57456,59229,59805,59965,57525,52934,46486,48603,106343,86306,37669,12719,3824,1248,400,165,58,45,10,2,11,7,0,0,0,2,2
8153,7346,7679,6244,4331,2963,2237,1766,3055,5419,2624,1398,900,512,161,47,35,13,5,3,18,0,1,0,0,0,0,0,0,7
2093,1594,1742,1779,1577,1140,785,890,2029,1101,405,192,101,25,35,11,15,2,2,3,12,0,1,0,0,0,0,0,0,4
9167,13184,14562,13814,12369,9833,7585,13686,14218,5036,1316,453,113,51,35,8,10,2,2,1,8,0,1,0,0,0,0,0,0,2
2693,2346,2390,2002,1753,1444,1215,1699,1670,1241,550,255,187,98,58,34,26,7,0,4,6,0,0,1,0,1,0,0,0,4
3281,2816,2640,2297,1921,1637,1230,1515,1376,1475,796,518,298,187,84,38,20,26,10,14,18,22,0,0,0,0,0,0,0,2
2409,2027,1956,1830,1561,1202,912,1053,1582,1352,567,299,128,83,53,22,15,3,6,0,18,0,0,1,0,0,1,1,0,3
2106,1919,1788,2007,2113,2197,1984,4012,1731,431,151,61,37,14,6,14,3,2,4,6,8,0,0,0,0,0,0,0,0,6
4699,4323,3596,3042,2456,1701,1264,959,1666,2097,1427,730,506,295,142,51,13,17,12,12,12,0,1,0,0,1,0,0,0,7
3157,3182,2906,2442,2303,1991,2035,4225,1728,726,399,341,212,126,93,11,15,0,0,2,4,0,0,0,0,0,0,0,0,1
115793,136634,136550,126956,116747,100949,89536,204758,125232,40458,13465,5589,2872,1604,882,333,403,86,71,52,352,3,1,5,3,0,4,5,2,96
2117,2680,2806,2719,2592,2142,1593,2979,2318,1029,337,129,81,52,23,3,11,8,6,4,6,0,0,1,0,1,0,0,1,1
3282,2998,2618,2149,1758,1342,1004,944,1116,1426,951,673,417,259,91,21,18,18,2,6,6,0,0,0,0,0,0,2,0,4
2150,2254,2412,2791,2623,2276,1719,3106,2968,791,112,102,38,27,9,5,9,4,2,0,4,0,0,0,1,0,0,0,0,1
49409,51076,54505,53558,49797,40617,31198,50099,43654,23840,11117,5074,2563,1495,762,274,237,69,49,43,186,2,3,5,0,2,1,5,4,51
1526,2299,2896,2859,3199,2779,2297,4434,2555,493,49,58,18,4,7,0,3,0,0,0,4,0,0,0,0,0,0,0,0,2
3669,3158,2836,2663,2426,2422,2456,5826,2685,948,431,183,71,65,47,27,16,6,0,0,6,0,0,0,0,0,0,0,0,1
3717,3702,3671,3970,3932,3644,2837,5978,4331,1145,263,51,31,19,16,6,8,3,0,1,2,1,1,1,0,0,0,0,0,2
2453,2664,2585,2392,2124,1697,1284,2288,1928,914,401,184,191,99,46,13,20,14,12,2,16,0,0,0,0,0,0,0,0,2
1149,1115,1108,1137,1122,1058,1095,895,985,978,1000,877,905,901,863,1483,2434,1960,1126,628,302,252,132,20,18,12,7,6,0,2
1421,1760,1868,1849,1945,1898,1691,3963,1475,279,60,32,11,26,15,12,6,0,0,2,2,0,0,0,0,0,0,0,0,5
2787,2338,2491,2291,2235,1902,1808,2914,2183,1122,543,217,90,47,26,19,14,7,10,5,0,0,0,0,0,0,1,0,0,3
2517,2190,2117,1910,1821,1600,1434,2253,1971,1272,430,188,88,54,40,25,27,2,0,6,64,0,0,0,0,0,0,0,0,4
2932,3026,3264,2873,2361,1780,1408,1639,2305,1931,698,207,104,73,30,16,15,6,6,0,4,0,0,0,0,0,0,0,0,1
1781,1826,2039,2143,1928,1615,1300,2241,1892,731,323,125,60,60,17,6,17,1,2,3,8,0,0,0,0,0,0,0,0,4
39017,41603,43770,43058,39799,32530,25738,43005,40744,18444,6618,2678,1401,775,373,152,132,33,32,26,90,0,2,1,0,1,0,3,7,23
1952,2500,2586,2554,2447,2146,1986,4216,2580,505,117,48,20,9,15,0,2,4,2,2,10,0,0,0,0,1,0,0,0,3
26379,38613,40518,38042,38743,37499,38966,82059,25113,6132,2234,1232,753,484,376,112,178,39,43,32,149,1,0,1,2,3,0,3,6,22
2635,2709,2708,2395,2067,1697,1431,1136,899,709,677,1009,1032,1015,769,599,433,382,207,188,104,12,17,19,6,6,6,8,2,4
2235,2160,2184,1999,2033,1953,1727,3525,3431,1245,355,69,39,38,4,9,0,3,10,0,2,2,4,0,0,0,0,0,0,1
2046,2272,2402,2420,2315,2157,1891,3834,2328,625,172,64,29,28,7,2,12,0,2,0,2,0,0,0,0,0,0,0,0,1
15729,23562,29934,34380,37393,38998,39078,40377,41218,40321,39235,35943,31966,28651,44815,77668,64888,32350,12178,4623,1852,838,601,323,158,114,92,45,40,11
2184,1934,1958,1959,1951,1689,1436,2766,2270,825,158,84,46,26,24,2,11,4,10,0,6,0,0,0,0,0,1,0,0,1
3241,3121,3249,2948,2047,1464,1052,951,1981,2458,941,414,136,97,28,10,9,0,2,2,7,0,0,0,0,0,0,0,1,3
1218,1391,1413,1450,1461,1451,1431,1398,1303,1312,1226,1178,1216,2422,3349,1991,953,396,163,38,32,15,0,0,5,7,0,4,0,3
2649,2175,2110,2129,1897,1628,1320,2083,2664,1223,264,180,77,58,15,21,10,0,2,0,10,0,0,0,0,0,0,0,0,2
31414,37479,38021,35070,33228,29683,25664,49822,30494,12145,5203,2178,1078,641,381,195,198,64,63,30,132,2,0,4,0,1,1,2,2,29
2913,2610,2649,2512,2377,1922,1870,3476,2616,1049,413,193,63,41,21,10,6,2,4,0,4,0,0,0,0,0,0,0,0,2
1630,2434,2594,2402,2247,2106,1574,3191,2309,714,219,84,24,29,9,14,10,0,0,0,4,0,0,0,0,0,0,0,0,1
2425,2716,2687,2710,2206,1871,1616,2794,2044,1118,441,291,141,49,22,9,5,4,6,6,2,0,0,0,0,0,0,0,1,4
3552,3228,3160,3224,2884,2606,2326,1858,1477,1172,1158,1715,2508,1997,1480,736,466,262,170,72,37,23,14,7,9,5,2,4,2,8
2769,2643,2389,2125,1936,1744,1840,4254,2190,839,336,172,105,51,42,9,5,0,1,5,9,0,0,0,1,0,0,0,0,1
2996,3324,3731,4028,4018,3647,2815,5230,4214,968,223,102,49,48,16,7,13,0,1,0,0,1,0,0,0,0,0,0,0,3
34381,35916,34774,32356,30849,29018,26861,62540,30218,9163,2865,1230,797,732,792,117,116,60,58,66,171,2,3,2,0,2,1,0,2,12
2581,1844,1916,1955,1818,1591,1267,2128,1913,1271,405,110,69,39,13,32,18,11,15,5,11,0,0,0,0,0,0,0,0,2
25412,26880,24406,20020,16030,12369,9561,11966,16082,11313,6197,3081,1665,1098,536,141,89,121,42,39,106,16,1,0,1,0,0,1,0,2
2930,2502,2622,2722,2423,1941,1474,2089,2861,1415,489,169,69,26,32,14,20,4,2,0,14,1,0,0,0,2,0,0,0,2
349868,398630,424634,420343,390537,332148,279517,596196,436205,129938,28129,8390,3580,1647,822,282,336,89,74,65,248,2,1,2,1,1,2,5,2,55
2311,1598,1383,1319,1188,1109,1025,1867,1419,739,479,215,151,69,101,26,42,14,8,9,32,0,1,0,0,0,0,0,0,3
24071,31474,34762,37092,37454,32073,26608,55981,33770,7853,1697,513,172,132,113,31,23,2,5,4,25,0,0,0,0,0,0,0,0,6
2066,1805,1674,1805,1636,1637,1595,1500,1302,1213,1118,1144,1910,1629,1295,958,414,327,180,74,66,60,48,74,82,5,2,0,2,4
2219,1967,2082,2110,2073,1601,1377,2222,2333,982,238,75,73,53,26,13,34,2,2,3,8,0,0,0,0,0,0,0,0,3
2902,2371,2350,2323,2131,1829,1416,2214,2458,1274,583,257,121,44,33,17,25,13,8,10,13,0,0,0,0,0,0,0,0,5
1693,1752,1981,1965,1887,1889,1702,1425,1423,1210,1399,2554,2359,1328,726,255,126,71,31,16,9,2,9,0,2,5,2,0,0,2
2462,2452,2564,2753,2768,2441,2010,3985,2656,985,312,63,31,17,14,0,3,2,0,0,0,0,0,0,0,0,0,0,0,2
1777,2395,2680,2690,2444,1932,1374,2332,2298,891,337,132,65,41,17,3,0,0,4,2,13,1,0,0,0,0,0,0,0,3
38100,60833,71784,77366,77085,64155,46967,95672,71400,14381,3018,896,371,202,69,30,62,2,12,2,22,1,1,1,0,0,1,0,0,8
27405,37110,38685,38270,38260,36024,34885,76120,26989,6247,1874,957,618,390,164,60,93,24,23,13,54,1,0,3,1,0,2,0,0,13
17811,27107,29387,30301,32129,32161,30469,61964,21281,3301,783,297,118,107,74,18,32,10,4,6,18,0,0,0,0,0,0,0,0,4
49837,64247,69268,69334,70026,65726,61473,142516,56719,10572,2095,616,292,164,85,18,35,5,2,0,20,0,0,1,0,0,0,1,0,4
19288,16074,16277,14414,11714,8930,6349,7473,10931,13412,4999,2044,1052,610,271,141,79,39,27,31,75,1,0,4,0,1,0,1,2,26
1605,1381,1281,1186,1079,1088,1087,1062,1083,1127,3194,2367,597,349,122,154,38,20,28,21,26,15,11,8,10,2,0,2,0,8
32016,35484,35128,34010,34252,32121,29845,68861,31433,8126,2637,1280,691,501,255,103,114,33,19,9,96,0,1,2,0,2,1,1,1,21
1681,1518,1670,1688,1875,1862,1741,1750,1506,1299,1053,1001,1392,1690,1420,940,427,371,273,175,135,121,86,50,25,0,5,4,0,8
16284,23408,26204,26507,25807,23180,20588,41514,22677,5359,1217,534,318,199,112,73,75,26,49,38,50,1,1,0,0,0,0,0,0,16
344548,295323,284416,265325,245059,219465,196825,397238,304170,123203,44416,17018,8258,5102,4038,1355,1303,748,441,497,1516,74,11,14,12,20,4,15,12,272
29530,31347,32129,28159,24060,18514,12973,19719,19763,11788,6286,3963,2738,1942,1117,318,323,148,90,74,151,3,2,2,0,5,1,1,3,33
31383,36197,35565,31964,28219,23361,18200,30104,23565,12388,6208,3528,2635,1975,731,185,188,66,49,28,101,0,0,7,1,1,1,3,3,34
3238,2533,2226,1802,1257,955,699,687,927,1254,813,537,428,336,160,56,52,24,38,23,71,4,0,0,0,0,0,0,0,5
62730,69358,73549,70891,64727,53214,42706,78441,66980,30191,10440,4018,1860,945,424,191,230,63,44,47,158,1,1,3,0,3,2,1,4,37
35132,53362,59622,59780,61900,57220,51691,105629,40489,9939,4758,2847,1973,1569,829,499,469,105,81,53,328,2,4,6,1,2,2,4,7,101
42019,37860,37318,32336,26775,20493,15540,20275,26441,22468,9670,4122,2470,1645,1314,180,154,56,43,39,67,1,1,2,0,0,1,4,2,12
18128,22843,25857,28426,27867,22238,15746,29931,27584,7497,2410,1117,631,365,220,121,149,40,49,44,95,0,0,4,0,1,0,1,0,27
85804,74061,71117,65229,56612,47868,39155,56277,71634,42656,18191,8192,4228,2410,1486,504,570,93,98,49,504,4,8,6,2,1,3,15,7,133
1725,1537,1632,1605,1333,851,671,749,1513,1095,340,187,95,50,47,19,21,9,0,1,12,0,1,0,0,1,0,0,0,4
18964,22395,21527,20163,19446,17966,19359,39093,14531,5308,2141,1099,692,518,372,158,146,58,52,62,146,2,1,1,2,3,1,5,2,43
34966,41713,46712,50507,50324,40400,30121,58244,50508,15334,2283,648,192,96,79,45,51,13,21,6,24,0,0,2,0,0,0,0,0,14
102654,110748,120390,121990,117461,98713,76963,140839,120536,39115,12773,6469,3802,2795,1679,653,715,221,185,160,457,7,7,6,2,4,4,7,5,120
3379,3390,3582,3273,2987,2257,1748,2498,3490,1715,518,216,145,63,10,3,9,4,8,0,10,0,0,0,0,0,0,0,0,2
31928,48356,53625,55099,58156,54180,51503,107412,39898,7209,1478,593,348,167,135,55,94,29,10,10,30,0,0,1,0,0,0,1,0,22
99739,121889,134294,138749,135058,115107,91414,184766,141410,36202,7282,2100,1116,655,324,143,134,40,47,37,118,3,2,1,0,3,1,2,1,32
43694,72284,84034,86395,92383,88485,82250,167271,60775,8531,1584,571,248,146,82,14,30,11,6,1,34,1,1,2,0,0,0,2,0,9
51982,65910,70531,67209,60589,54946,50244,45951,42167,40624,90175,86534,46074,22309,10028,4521,2460,1150,827,602,352,61,14,3,2,4,0,0,0,5
43393,37260,37728,36923,33064,27269,21527,32921,38061,21257,8215,3387,1440,870,429,188,175,61,57,61,142,1,1,1,0,2,0,3,1,23
57827,62848,64085,62703,58729,49466,39317,74465,52957,21802,9310,5215,3337,2380,1651,647,503,218,263,210,515,8,1,8,1,11,1,9,12,102
46014,61192,63531,61156,58614,52609,47528,99504,53565,15434,4574,1556,783,484,249,96,72,27,21,13,69,1,0,3,1,0,1,2,1,24
141496,126871,126607,120864,113561,100579,88103,162956,120722,56179,22344,10081,4766,2970,1573,591,591,194,178,124,447,7,2,5,2,4,0,8,5,101
31287,34248,34025,32651,31808,29284,26484,52203,23998,10247,5326,3147,1930,1249,862,347,367,88,77,63,248,7,3,5,2,1,1,6,10,65
6147,6156,6144,5494,5405,5087,4755,10202,4594,1511,722,460,340,235,190,69,67,31,45,28,74,0,0,2,0,0,0,1,0,12
141916,116582,99840,85741,73648,62528,53621,100521,89171,46501,21279,9935,6506,8714,9635,851,593,316,349,297,598,8,3,3,2,5,1,0,5,69
82712,97223,99631,97985,97471,91861,86856,200291,84143,20145,5193,1844,900,463,316,122,105,39,37,30,84,1,1,2,1,2,0,0,2,23
113716,145989,146914,131419,111656,86589,64708,101867,98012,51269,25735,13143,8165,4521,1647,232,141,78,50,58,110,1,1,3,0,2,0,2,5,30
1081,1291,1321,1368,1428,1361,1476,1293,1063,948,1963,1986,1241,380,177,111,55,49,38,31,16,4,10,5,5,0,0,0,4,2
80242,105381,118320,117887,109662,89605,66965,119660,108631,40777,14195,6280,3424,2013,1012,548,694,97,120,65,367,4,4,2,4,3,2,4,5,124
27884,26368,25605,24172,22748,19450,16694,30197,20014,8263,4219,2637,1890,1443,1030,321,325,120,139,83,194,3,1,8,2,5,2,0,3,51
159300,144491,145572,132676,115694,94356,77546,117601,108680,82422,33834,16493,9302,6260,3054,898,1010,202,292,217,606,12,5,7,7,4,4,9,11,187
2854,2700,2440,2158,1801,1416,1082,1346,1904,1150,557,260,205,195,126,41,33,15,18,17,37,1,0,1,0,0,0,0,1,4
40886,47241,50217,48464,44029,34950,25973,45059,41750,17649,7703,3934,2290,1416,778,160,171,81,109,84,227,7,1,2,1,6,0,0,1,16
62746,67657,71580,70428,65910,54967,41934,72856,67467,26685,8382,3330,1604,934,656,98,74,33,54,66,180,1,0,0,0,1,0,1,1,13
27832,29187,30760,31575,30728,26641,20814,37745,31545,10420,3698,1705,968,530,325,169,181,49,59,39,102,1,2,2,0,0,0,1,1,28
74692,84199,89834,89221,84130,69836,54734,101588,87534,32409,9488,3832,1885,1208,706,168,118,14,20,9,138,2,0,4,0,1,0,6,0,26
3526,2625,2670,2436,2210,1825,1582,2727,2602,1429,743,238,215,129,62,50,45,10,2,10,60,0,0,0,0,0,0,0,0,6
68662,68966,67549,62869,57635,50030,43991,92412,60381,27507,10222,4081,2149,1191,902,204,240,79,62,61,302,1,3,1,0,2,1,8,3,55
37458,50658,57176,57536,52179,42445,33320,65473,54155,17472,4332,1522,698,398,249,95,76,33,35,40,73,1,1,0,0,1,0,1,0,13
21659,35741,40385,39483,37030,30124,22857,41736,35579,11801,3457,1204,433,266,126,37,22,23,24,14,47,0,0,1,0,0,0,1,0,10
24291,34252,36509,35253,34772,31086,26872,53648,28148,9619,3225,1168,560,326,267,101,100,23,27,25,139,2,1,0,0,0,0,1,0,12
46002,42239,43265,43527,41229,34543,27643,47105,42629,18953,7075,3111,1897,1036,540,213,306,77,62,34,147,1,2,1,2,2,3,4,0,40
45990,72681,86913,92407,87835,66881,46929,88786,88385,25092,4858,1360,540,239,99,41,66,15,21,10,18,0,0,0,0,0,1,0,0,16
70588,69591,67046,60836,52956,45689,40689,76427,46662,23303,10263,6249,4146,3291,2349,400,423,200,223,164,442,4,1,6,1,3,2,2,9,79
22104,26689,28924,28323,28080,24438,20011,39103,25462,9139,3511,1364,682,387,278,86,102,34,30,19,72,1,0,1,0,0,0,1,1,13
335315,357200,375579,351306,299650,234055,175885,274040,318199,179568,66776,29492,14903,7807,3590,1405,1364,464,393,208,747,16,14,21,11,8,2,17,17,241
60884,63451,65972,65434,65057,59285,53641,109615,61773,19873,6917,3173,1630,1085,650,224,210,65,40,59,275,0,6,3,1,1,1,4,0,64
32573,33136,35005,35341,33036,27597,23408,40844,35622,13995,3982,1226,538,267,151,57,43,18,24,14,21,2,0,0,0,1,0,0,0,6
119517,232702,279421,294244,309471,285563,245771,548033,195408,24902,3795,1158,631,302,169,42,37,42,71,53,76,0,0,1,1,0,0,0,0,10
147433,172807,176829,172434,168977,159781,150694,353122,159190,34292,7759,2382,1058,611,403,136,102,20,23,9,159,5,0,3,0,0,1,3,0,24
61968,67810,72031,70280,64140,54180,43802,79441,72995,28091,8047,2860,1002,441,233,95,97,15,14,10,46,0,0,0,0,0,0,0,1,10
53066,80542,97168,100003,97265,79927,61714,131847,76401,24335,7469,2711,1192,536,147,26,10,4,4,0,12,0,0,0,0,0,0,0,1,1
19932,30881,36764,39381,40090,41083,38146,33001,26920,41453,57529,34029,11940,3247,931,377,114,51,24,4,9,2,16,0,2,1,2,10,0,1
161723,179805,182797,176707,162126,136618,112492,217675,162138,52737,18088,9872,7212,6060,4276,271,284,61,66,39,240,2,4,6,1,1,0,3,1,58
170854,200033,215635,213509,202283,166891,126682,219909,205396,81975,28060,13068,6692,4553,2318,659,905,126,119,72,688,4,7,12,5,3,4,24,17,207
25656,30837,32763,33195,32805,29806,27690,57724,28548,7303,2674,1233,667,464,220,59,110,9,17,5,112,3,2,0,0,1,1,3,0,26
21462,26463,29265,29691,27394,23876,19692,37384,29121,8273,2346,927,522,302,187,71,93,31,22,13,40,1,0,1,1,1,1,0,0,18
2337,3173,3247,3170,2920,2590,2050,3946,2694,801,380,170,99,71,25,15,22,11,9,8,29,1,0,1,0,0,0,1,0,4
328263,443200,502689,505593,473529,397862,319418,647083,475691,136053,34017,11415,5109,2593,765,181,181,35,24,17,126,1,3,3,1,0,1,0,4,35
26693,34841,38748,37033,33500,26862,19760,34472,29727,12424,6274,3146,1759,960,391,145,101,47,16,18,58,2,2,1,0,0,1,1,0,20
40272,37968,38111,35766,32513,26799,21850,36790,39078,19475,7106,2902,1544,778,466,195,198,31,29,15,169,1,3,7,0,2,1,2,2,40
49942,51770,51240,50069,46793,42780,39550,81541,45145,16917,5624,2528,1445,981,602,261,264,112,87,57,215,3,1,1,1,4,0,3,3,41
12167,12816,11807,11156,10427,9799,9283,22001,10161,4505,1834,653,456,258,353,33,31,6,0,2,56,0,0,0,0,1,0,0,0,9
2443,2593,2884,2823,2501,1762,1399,2331,2563,1401,358,158,74,58,29,5,2,9,8,6,2,0,0,1,0,0,0,0,0,4
49088,49511,51506,49031,45200,38434,33576,64513,45164,24320,6720,2605,1233,760,417,210,222,80,70,36,131,1,0,5,0,0,1,0,4,28
34979,45392,48420,47669,45765,40452,33807,68999,44884,12647,3395,1152,407,264,109,48,58,10,6,2,55,0,0,1,0,0,0,0,1,19
2646,2462,2610,2582,2265,2035,1477,2534,2836,1282,391,82,48,24,26,3,8,1,0,1,6,0,0,1,0,0,0,0,0,1
118573,142615,144038,138504,137342,130080,125773,260440,115411,36602,13371,5581,3079,2090,1075,414,463,133,86,61,367,3,1,6,0,3,1,9,5,99
136075,171825,187365,186110,182753,160125,133877,264756,160082,48652,16405,8094,4809,3542,2048,1021,950,363,244,206,670,14,6,11,4,10,3,9,14,179
28506,23826,25194,24496,22088,20284,18331,30846,19758,12373,4359,1804,1172,1177,1033,212,246,67,84,166,162,2,2,4,0,0,1,0,3,27
44473,48644,51358,52912,52753,45523,38836,78692,48936,15981,4365,1801,882,471,299,153,159,39,43,26,138,0,1,3,0,0,1,2,3,31
241691,315031,334748,324837,314334,284494,256526,517649,257949,83295,28672,12609,6841,4476,2383,718,705,245,258,208,500,5,10,7,2,4,4,5,7,131
24347,25283,25751,25409,23700,20772,17451,33116,24049,8543,2719,1166,801,547,315,43,70,21,28,17,69,0,1,1,0,3,0,0,0,10
2282,2838,3101,2782,2493,1982,1281,2240,2574,1047,286,168,74,82,146,7,13,10,14,22,37,1,0,1,0,0,0,0,0,1
2475,2644,2806,2911,2865,2362,2200,1840,1556,1241,1299,2141,1682,1153,867,768,538,483,319,227,166,96,31,2,0,0,0,0,0,2
96883,135299,151264,155594,153728,138769,122704,264925,135373,25323,3681,1060,451,257,118,112,97,23,27,29,35,1,0,0,0,1,0,1,2,14
68650,63378,61789,59505,55582,49560,42434,87184,65459,25704,8911,3647,1838,998,540,276,221,51,49,40,148,3,0,0,1,0,1,4,0,48
71153,95980,101414,95159,90476,79498,72866,145401,74201,26181,9051,4337,2385,1573,493,146,155,41,37,25,94,1,4,1,0,0,0,2,2,33
3640,2937,2628,2206,1787,1418,1107,1346,1668,1610,1044,396,294,210,149,23,43,6,11,12,33,0,1,1,0,0,0,0,0,6
19096,23125,23402,25307,26330,25178,23555,47366,20007,3769,942,466,361,246,181,104,82,42,67,30,67,1,0,0,3,2,1,2,0,12
42762,40866,39953,36625,32516,27166,22897,42182,31812,13575,5630,3124,2269,1839,1104,140,113,44,56,106,144,3,0,0,0,3,0,0,0,13
200476,258948,289244,293314,277139,236542,193664,379081,300248,78487,14530,3553,1215,545,325,190,191,35,28,18,61,0,1,2,2,3,1,1,1,29
65317,78327,85483,82399,72820,54629,37670,53481,75151,40024,15020,6257,3364,2112,1270,580,640,161,141,96,416,7,2,10,1,5,6,6,7,119
142881,153389,157421,142720,120387,95197,72930,113367,127239,71913,28938,13045,6805,4840,2076,339,259,92,61,27,116,3,1,2,1,3,0,4,3,46
4111,4259,3784,3286,3036,2423,2223,4301,2511,1377,821,393,250,155,98,22,9,1,2,4,10,0,0,0,0,0,0,0,0,1
66217,60704,63029,64634,62047,52817,43472,78408,68773,26597,9090,4028,1993,1164,793,345,375,100,81,54,308,4,0,3,1,3,0,2,7,63
3612,4027,4037,3494,3290,2937,2517,5394,3022,1352,500,277,183,190,200,32,32,20,22,22,44,0,0,0,0,0,1,2,1,2
3097,2955,2762,2120,1693,1365,902,917,1311,1280,747,424,291,210,140,29,21,4,6,9,16,1,0,0,0,0,0,0,1,3
3356,3095,2941,2776,2285,2060,1697,3051,2441,1087,415,324,215,178,97,26,30,11,24,30,23,1,0,0,0,1,0,0,0,3
158620,151162,156057,151941,138411,117737,98540,186683,163064,71196,18670,5892,2262,1108,491,221,211,42,37,33,145,1,2,2,1,0,1,2,3,28
25007,31410,33664,34805,34682,30988,26397,55029,31924,7793,1501,606,341,232,141,69,82,29,28,15,57,1,0,1,0,1,0,0,1,19
28269,32694,34193,33806,35038,33078,31665,70539,28062,6144,1611,690,330,269,125,59,101,18,15,9,52,0,0,0,0,0,2,3,0,16
270506,257835,250220,238391,228086,214611,201984,462581,246444,81894,23630,8755,4078,2106,1203,551,549,136,97,97,345,10,1,6,3,5,4,3,6,104
102133,114988,119440,128334,135578,130524,121462,263534,103795,17271,3803,1529,919,716,408,189,184,54,56,47,107,2,2,0,1,1,1,2,1,32
36446,36489,37594,36144,34583,30784,26119,49342,36996,14751,5531,2410,1408,911,403,134,159,35,16,7,166,1,2,3,2,1,0,3,3,41
48062,41782,41020,39556,36855,32451,26874,48828,39418,19596,8722,5011,3277,2106,1355,371,581,91,55,51,610,2,7,5,1,0,4,14,13,172
29778,29241,28737,26149,23017,18651,14350,21686,21709,14778,7242,3322,1959,1017,485,222,288,52,56,32,87,1,0,4,0,0,1,3,7,37
40182,50022,54303,52711,48580,40277,31816,55985,45627,20981,6917,2734,1167,485,199,98,110,15,22,17,85,0,0,1,0,2,1,2,0,19
65901,78774,84521,83696,83003,75627,68621,135946,62950,20892,8630,4268,2145,1158,570,281,237,87,67,55,110,1,5,1,0,1,0,2,2,37
4143,3636,3251,2658,1999,1333,966,908,1124,1816,1343,924,445,287,111,39,42,16,14,12,22,0,1,0,0,0,0,0,3,7
5102,4578,4021,3154,2347,1643,1087,932,1302,1651,1267,1115,702,493,239,37,32,21,6,4,10,0,0,1,0,1,0,1,0,5
352306,353495,348465,330766,316562,284113,254204,458479,297573,142101,72649,35962,16086,9054,4766,1948,2248,458,374,311,1339,13,8,24,3,3,4,25,26,308
103792,87243,85403,84178,80360,71244,61054,117809,98291,40703,13338,5263,2401,1320,876,334,491,91,106,62,290,2,4,3,1,1,3,3,5,87
20683,29276,32078,31486,28738,22074,15133,25910,28451,10571,3597,1651,1009,592,466,116,78,92,31,79,196,18,0,1,1,0,0,1,0,19
13449,25253,30095,31770,34074,30524,24767,52232,25264,3147,440,244,139,121,62,42,39,5,20,10,18,0,0,1,0,0,0,0,0,9
55615,56680,59333,57180,54587,48548,42477,86569,53754,17023,6934,3463,2353,1572,1023,473,417,164,119,105,432,5,4,7,2,5,1,11,7,111
1291,1537,1664,1687,1619,1398,1164,2777,1604,373,100,53,27,14,3,4,16,3,2,0,0,0,0,1,0,0,0,0,0,1
54812,61919,60296,58826,60057,58507,60714,150995,47473,7458,1199,422,204,115,40,23,35,2,2,0,19,1,0,0,0,0,0,0,0,3
44238,55367,60453,59447,56020,47454,38077,75320,52875,17601,6620,3179,1915,1055,571,280,243,89,87,47,242,15,1,3,0,3,0,5,7,50
86448,104325,111444,117737,122823,113621,104602,212185,98676,21086,5744,2399,1497,987,560,201,327,34,50,37,245,0,4,3,0,2,1,4,2,49
48291,68494,84991,95244,101878,104523,108474,109040,106212,98750,86405,73976,100882,178007,143463,72734,29469,10796,4454,2206,1323,712,451,270,146,69,7,7,0,2
73407,74609,74561,72444,69025,60225,49425,94205,61601,22198,9351,5626,3983,3349,2165,543,497,175,205,143,374,15,5,5,2,4,2,5,3,56
52056,92697,102992,104226,106099,94725,78839,166359,88489,17176,3350,1078,629,441,248,151,139,33,33,33,69,1,0,1,0,1,1,0,3,21
149479,115090,103926,93781,81098,70232,60185,100464,106288,65896,32276,16189,9510,6223,3736,1198,1544,375,287,156,1393,17,18,30,4,13,12,28,20,350
9817,12697,13715,13567,12907,11555,9995,20755,12120,3679,943,294,160,112,53,13,24,11,11,6,9,1,0,0,0,1,0,0,1,5
60971,54038,50757,45339,37828,30626,24125,33126,38512,30678,15220,7803,4243,2346,1225,529,635,124,143,92,392,7,6,6,0,1,1,5,5,117
42990,42340,42900,40453,36928,30571,24581,41726,40918,20617,7684,3136,1549,762,294,103,89,23,28,7,72,0,0,0,0,0,0,1,0,12
3100,2952,2801,2441,2166,1898,1467,2514,1608,1360,660,321,226,118,72,27,16,5,2,2,8,1,0,1,0,0,0,0,0,4
32668,29876,30812,32062,32076,27639,22021,41448,34634,11112,4132,1658,1031,623,362,103,109,31,33,25,107,0,0,1,0,0,0,2,1,19
42566,39138,40071,38234,35106,28477,22291,33527,40382,20404,8286,3568,1750,1007,546,206,224,33,39,8,148,0,1,3,1,2,2,8,2,49
2649,2728,2679,2615,2582,2175,1930,3645,2488,1020,341,191,81,48,23,6,3,2,0,0,8,0,0,0,0,0,0,0,0,2
106371,132954,145673,142384,135090,117946,100153,205440,131375,39713,12301,5228,2824,2175,944,270,238,52,44,26,213,1,2,4,1,0,1,12,3,58
1963,2396,2549,2409,2424,2311,2268,4628,1961,500,184,79,33,37,15,18,9,6,6,3,4,0,1,0,0,0,1,0,0,6
46048,47147,44638,38401,34277,30980,30856,65526,29980,13550,6478,3854,2619,2240,1405,379,327,123,129,138,209,3,1,5,2,2,0,7,8,54
30016,36811,35451,32413,31402,30495,30846,63224,19751,6896,3695,2416,1667,1548,1044,253,321,91,114,67,197,6,0,4,0,3,2,2,6,77
108621,111860,104812,95310,89933,84920,87817,202138,71838,24087,10136,5501,3634,2993,1955,180,177,48,51,55,126,2,0,1,0,1,2,3,2,36
78256,131698,138863,133729,138505,140768,154981,345959,66571,8600,3369,1817,1100,749,402,201,227,46,43,18,191,1,2,1,2,1,0,3,2,56
100162,122290,125250,128850,129888,114722,94695,194908,110288,23741,7885,4591,3416,3400,2263,343,231,114,120,100,312,3,3,6,1,1,1,1,4,57
74506,77610,83112,84977,78149,63297,48476,80132,85386,35902,11695,4689,2242,1388,678,308,377,101,55,54,185,5,1,4,2,3,1,4,4,63
156431,160624,155401,142592,134566,125415,130136,262040,117494,53039,23051,10221,5583,3070,1874,648,755,179,130,65,674,9,5,10,1,6,5,25,15,168
30108,36563,40714,39237,33353,25320,17854,28892,32507,18619,6215,2315,1090,603,189,62,72,27,17,32,16,1,0,2,0,1,0,0,0,10
80819,103783,115969,118099,115002,97996,81281,168319,108142,24615,6649,3314,2344,1747,1167,639,565,295,278,222,419,9,3,4,3,10,3,10,6,135
32900,32802,32027,31488,30814,28563,26071,52411,27535,11032,4544,2407,1545,1150,760,267,338,71,48,43,345,2,1,5,7,3,2,3,3,84
34168,41822,45196,43677,40104,33990,27662,51412,38996,14877,4749,2016,1385,853,381,151,174,61,37,30,75,2,3,3,0,1,0,5,2,24
33980,30146,30866,31210,28546,23144,17245,25361,31979,17030,6152,2575,1164,788,428,215,318,61,40,39,138,4,1,1,0,0,2,1,1,52
166979,167873,163517,147071,127157,107095,92296,165061,138609,69266,32171,15246,8459,5161,3511,1034,996,330,273,179,1290,25,11,31,16,10,5,72,56,260
38490,46725,50492,51750,52062,46929,41245,88605,46745,11095,2413,866,476,306,165,78,46,20,16,8,47,1,0,0,1,1,2,1,0,11
11033,22142,32545,39534,43514,43762,44326,46154,47941,48807,49214,46694,43552,39628,71615,115944,71521,26695,6767,1548,455,137,86,68,68,107,87,96,93,35
90376,125606,128826,122518,119820,112972,113584,221045,74896,23171,9559,5354,3553,2957,1174,150,129,53,43,66,89,1,0,1,0,0,0,0,5,8
2352,2377,2394,2484,2391,1907,1527,2913,2364,908,293,164,100,46,55,18,17,8,6,1,10,0,0,0,0,0,0,0,0,6
1866,2012,1957,1809,1868,1696,1575,3209,1433,644,321,217,90,47,34,13,19,8,3,9,18,0,0,0,0,0,0,0,0,9
256882,302769,325783,307070,263867,205892,152738,240025,286237,143538,47094,18461,8108,4123,1644,509,439,161,136,112,208,3,0,5,0,6,0,4,3,64
106859,122510,129420,129425,126024,111538,95741,196758,121737,36258,12200,5626,2928,1703,1169,418,502,139,130,73,385,5,1,7,0,0,2,4,7,80
606353,509650,518833,525951,510489,443810,364134,611007,500271,263174,118248,53348,24837,14211,7973,3836,4709,1166,923,741,2811,21,16,40,8,9,11,46,31,620
126357,110254,106935,98074,84980,69524,54502,80836,89219,65139,29938,14298,8173,5253,2623,1039,1152,288,268,171,744,9,5,16,4,1,6,26,15,262
70305,58108,56929,60130,62262,57841,50444,99415,65304,21014,6008,2081,1109,701,347,136,193,46,40,26,101,1,2,2,0,0,0,5,0,33
2114,1626,1409,1206,1070,987,1007,2330,1148,762,421,178,93,60,44,16,47,2,0,2,9,0,0,0,0,0,0,0,0,2
26959,31522,33280,32835,31557,27065,23805,47976,29169,9692,3120,1318,515,305,177,52,67,23,55,20,124,0,1,3,0,0,0,1,0,14
10040,15283,16682,16830,17092,14721,11510,23669,13309,3743,1281,633,389,195,181,67,78,22,22,13,43,3,1,1,1,0,1,2,1,22
93390,115903,125961,128004,127701,115329,100136,216531,120789,26856,5591,1531,668,458,225,107,106,18,20,19,86,0,0,0,0,2,2,3,1,18
43338,51271,54594,56267,53211,45191,35280,65009,55793,18512,4788,1835,925,556,248,121,163,32,30,18,102,1,2,2,1,1,1,2,0,30
2131,2388,2443,2432,2316,2110,1896,1657,1484,1341,2870,2279,1132,1159,691,378,273,190,100,72,52,3,2,0,0,0,0,0,0,2
143272,149283,153795,144507,129308,108487,88245,153141,131178,59199,25558,13910,8161,4777,2052,820,897,224,215,150,660,14,4,3,7,7,3,13,13,152
96930,108130,115030,112224,106936,89851,70810,137651,102381,38759,16055,7474,3735,2512,1222,447,517,206,170,98,319,4,2,5,1,7,1,6,7,91
61122,76363,81453,80335,75148,62314,48770,90528,76602,27229,7797,3028,1434,804,297,71,71,35,12,8,67,5,1,3,0,1,0,1,6,19
31884,35143,39784,41513,40387,33457,25783,49214,43322,12941,3162,1000,511,305,255,77,87,14,22,9,95,2,0,0,0,0,0,1,0,18
73941,75628,74385,66330,56418,44153,33909,54122,57020,31329,13626,6823,4403,3496,1666,161,172,54,58,28,138,0,0,2,0,0,0,1,2,22
36387,26574,29435,30594,27157,20668,14922,17438,35435,24967,4174,1176,494,306,162,76,96,23,30,11,52,0,0,1,0,0,0,0,1,15
82266,102771,111898,113196,111392,99372,89946,186949,94056,24942,6536,3091,2292,1590,1063,564,516,175,155,102,312,11,3,8,4,7,1,2,5,89
75011,101796,110926,111566,102572,80357,57063,104987,96793,30945,10895,6501,4235,2988,1284,263,250,124,133,92,292,7,1,4,1,1,4,6,2,49
40333,44110,44026,41192,38498,34721,32921,66694,36491,13885,5155,2372,1380,1042,720,273,268,87,97,88,276,4,2,6,0,3,1,7,2,53
3451,3259,2941,2604,2098,1557,1149,1499,1933,1499,724,453,332,162,81,13,14,4,2,5,11,0,0,0,0,1,0,0,0,4
36169,32805,33182,31945,28438,23978,20012,32119,36339,16924,5518,2028,934,517,315,131,110,15,19,16,78,1,1,0,1,1,0,2,0,19
2904,2405,2316,2059,1960,1421,1174,1670,2139,1794,651,303,189,71,201,17,25,0,10,10,42,0,0,1,0,0,0,0,1,8
39230,37973,36460,33759,30186,26496,24248,45493,29578,14562,6595,3666,2275,1398,826,423,353,125,100,75,210,2,3,4,2,3,1,3,3,58
3312,3214,3531,3362,2908,2274,1671,2443,3351,1728,570,211,74,65,20,7,4,8,0,0,6,0,0,0,0,0,0,0,0,4
36351,27969,20741,16066,13488,12007,10965,23160,27296,11877,4285,1975,1255,1184,1711,221,193,69,73,52,442,6,1,1,2,1,2,6,0,35
28590,29963,31582,31707,30096,25200,20189,36481,32425,12160,3589,1593,809,513,282,127,148,31,22,27,89,4,1,1,0,1,0,1,1,26
39522,59026,60794,57655,57543,58375,63865,127980,31927,8254,2875,1550,999,605,274,68,74,42,46,32,64,1,0,0,0,0,0,0,0,12
26380,31118,32568,32741,34122,31250,28634,58826,27544,8069,2784,1208,690,427,226,58,82,2,9,4,84,0,0,0,0,1,0,1,0,19
3128,2820,2769,2737,2600,2053,1683,2541,2732,1490,578,203,138,57,48,29,23,0,2,2,6,1,0,0,0,0,0,0,0,3
222390,252566,268714,269251,256835,226951,195217,406558,260030,79320,21393,8422,4504,2523,1488,433,602,69,65,59,707,5,4,10,1,1,6,14,7,170
57856,61768,62661,58188,53567,46231,38816,68745,45200,25705,11139,5690,3341,1971,1030,491,456,155,165,112,256,5,3,4,1,1,3,4,11,77
109169,154268,175559,179213,168120,135700,100907,187238,179362,54374,11198,3200,1136,475,214,123,143,34,34,22,86,3,0,0,0,2,0,0,0,22
55548,67639,70532,69460,68731,63184,58772,126155,60320,15454,4225,1963,956,664,477,188,232,84,67,43,160,2,2,2,0,0,1,1,0,47
115326,135033,144475,139341,121930,92370,66318,101166,123546,54830,21225,10596,6243,4581,2750,891,882,408,410,341,759,14,7,12,12,13,1,8,12,174
124286,133223,142126,138503,128971,108789,91510,174877,134273,53702,16069,6077,3081,1641,952,341,355,115,90,64,247,2,4,5,0,0,2,11,7,82
25060,28979,31538,30913,28347,23919,19193,34835,28821,13113,2979,879,345,193,75,38,44,8,26,5,28,0,1,0,0,0,0,0,0,7
27315,22918,21314,19833,18789,16080,13600,24026,19264,10301,4774,2410,1713,1355,751,226,285,38,49,51,157,0,1,5,1,0,2,6,3,62
20297,32391,36145,35925,36860,32119,25134,51659,30111,7884,2347,1208,913,550,284,112,170,33,18,12,96,1,0,3,0,3,0,4,1,26
209689,201863,192697,179228,168374,153961,146408,320673,179671,68920,26770,11386,5784,3678,2129,523,485,150,107,125,430,3,2,6,4,1,2,8,3,83
35589,52570,61332,62240,59119,48077,35977,73816,61984,15098,3635,1201,507,233,130,34,24,7,6,7,48,0,0,1,1,0,1,0,1,14
2921,3083,3046,2692,2263,1606,1156,1494,1939,1365,671,392,271,232,85,17,21,2,3,9,6,0,0,0,0,0,0,1,0,4
60797,57055,57390,54081,48392,39530,31987,50836,54218,29764,10697,4554,2734,1580,800,344,402,130,88,57,326,11,2,4,2,6,5,15,1,89
55029,59275,57741,50667,41369,33217,26756,47029,42357,22591,10900,5476,3420,2269,1133,344,243,127,89,58,232,11,4,5,2,2,2,6,3,49
83502,101629,108165,109316,107877,95577,80471,159058,101101,31312,9033,3685,1974,1239,654,286,357,72,56,43,207,3,3,6,1,1,4,7,3,82
52158,51623,57857,56064,51257,43943,34976,54927,53360,41236,8032,2706,1454,956,524,191,231,55,65,37,123,6,0,4,0,5,1,2,1,47
108527,128528,128841,125204,122026,112109,101014,215849,120983,34956,9333,3413,2162,933,1087,385,257,372,33,179,554,181,0,3,0,3,4,6,5,52
32887,32441,33362,32734,31815,27945,22398,39887,30122,13495,5021,2212,1206,715,344,217,171,87,44,39,99,4,1,1,0,1,0,1,0,25
61874,70809,73376,72492,70077,63120,54707,107856,66131,20718,5763,2247,1206,912,403,95,113,42,34,48,81,2,2,0,1,0,1,1,1,17
322390,426867,490938,511326,482040,395466,304623,594330,522758,136014,37185,8457,2999,1681,862,212,188,69,78,58,181,2,1,3,0,1,0,1,0,31
47814,59608,62866,59953,53901,43067,32270,52842,52678,23628,7839,3483,1894,1100,509,35,38,28,53,67,127,1,0,1,0,0,0,1,0,8
25329,28960,30548,30045,28777,25063,20925,41794,26346,8620,3626,2064,1262,865,536,263,219,96,117,70,153,3,1,3,0,3,0,2,3,34
113397,115148,112887,107463,105889,100142,97068,201227,100652,35579,13381,6179,3326,2203,1357,381,565,77,70,67,508,3,10,9,2,2,2,12,2,122
51265,57069,59155,61236,62487,55024,45700,94786,63731,15033,3286,1199,534,344,242,98,107,20,16,21,43,1,1,1,1,1,0,3,1,12
1452,1536,1764,1922,1949,2061,1990,1791,1464,1198,2154,2316,1388,911,351,155,67,22,25,12,32,52,0,0,5,2,0,0,2,30
2991,3132,3136,3078,2664,2140,1618,2907,2949,1291,460,198,100,87,54,21,7,4,1,1,2,0,0,0,0,0,0,0,0,1
5949,6212,6602,6185,5699,4919,3803,8102,6407,2290,850,417,245,158,100,60,64,11,14,8,44,0,1,2,0,0,0,3,2,15
41270,59883,65620,64158,58953,46819,34202,62106,55696,19907,7484,3734,2134,1162,711,192,191,40,86,33,182,1,3,4,1,0,0,10,4,55
97264,133815,145386,146004,147481,132536,111613,222933,115559,32787,11684,5534,3197,2163,1208,621,577,192,181,128,429,9,4,5,6,3,2,5,10,144
34154,29080,28475,27333,24338,19949,16076,23573,27014,17309,7367,3204,1649,941,529,204,225,59,45,27,169,3,0,3,0,2,1,1,1,29
32428,50073,55170,55984,58026,54126,51678,106438,40538,8375,1811,561,225,109,81,17,19,12,4,4,14,0,0,0,0,0,0,1,0,8
120346,154024,161191,159869,162440,156384,150138,320070,113376,29780,10910,5843,3177,2075,1120,511,496,111,117,111,396,3,5,9,2,6,5,11,9,132
2468,2238,2257,2070,2061,1564,1081,1507,2236,1161,421,267,78,75,180,13,15,92,18,16,100,1,1,0,0,0,0,1,0,2
90490,99744,105873,102227,92113,74930,57429,95767,98839,43549,15846,7160,3900,2210,1012,345,373,101,83,56,339,1,1,4,0,0,3,6,9,86
108604,136832,139736,133277,132443,128180,130472,256521,94601,32283,12346,6193,3894,2432,1508,617,657,190,164,112,414,2,6,9,1,2,4,9,11,142
27880,28552,29293,29171,29440,26732,25354,52907,26020,8546,2707,1030,565,373,179,120,114,24,23,13,68,0,1,3,0,0,0,4,0,24
58895,145374,180960,195183,213458,197348,167118,383462,102165,10509,2617,917,329,165,84,19,18,9,4,0,14,0,0,0,0,1,0,2,0,2
202156,196952,193051,182286,173008,154352,140288,274756,146572,59580,31486,18666,12682,9389,4976,1744,1745,597,426,299,1297,26,19,28,15,6,9,27,30,375
114717,161037,172755,166345,159894,145680,151013,304682,117046,32488,13159,6570,3932,2701,1478,614,635,205,134,116,426,12,7,3,1,6,1,8,13,110
2311,2511,2658,2302,1946,1492,1045,1318,2034,1185,545,272,114,57,19,7,9,6,2,0,0,1,0,0,0,0,0,0,0,2
24595,31722,34416,34412,34035,29730,25221,48924,27237,8210,2975,1619,907,605,581,109,59,27,51,43,120,0,1,0,0,3,0,6,5,21
58597,82427,95201,103071,103799,103377,99766,92814,82458,71106,91487,165350,121518,51728,16770,5779,2114,820,383,206,84,23,2,5,0,0,0,0,0,2
37233,37908,36531,33386,30004,24184,19642,33960,28331,12170,4436,2745,2254,2417,2208,224,153,101,99,80,96,4,1,0,0,1,0,0,2,14
105320,100904,106232,108516,104406,90298,72368,126353,107352,44056,12635,5480,3451,2308,1325,554,692,251,210,174,480,6,4,13,3,8,1,11,11,120
166717,196134,206543,209000,214167,203025,193363,410059,166740,38737,11618,4593,2838,2122,1395,576,490,206,216,126,315,11,2,12,3,6,2,5,5,121
49613,40219,40843,39778,35782,30280,24763,36690,39475,25803,9692,3107,1122,549,287,143,178,55,46,23,93,0,0,0,0,0,0,1,0,20
40053,29385,26906,24486,21696,18860,15850,22119,28409,20091,8769,4342,2399,1554,843,365,417,78,64,30,336,2,5,4,0,0,5,6,2,63
41129,35108,34270,30666,24835,20095,15487,20446,24865,18774,8773,4644,2824,1570,876,364,237,118,101,58,172,16,0,6,2,1,2,5,9,42
283755,305273,314971,303403,275541,230732,182987,329710,300700,138144,44022,17111,7988,4121,2216,988,957,246,174,110,734,9,5,14,1,7,6,23,10,192
31234,30866,32542,32797,31122,26799,21887,40137,31263,13758,4476,1659,870,436,280,111,127,14,9,17,85,1,0,0,0,1,1,1,0,21
72357,95437,107276,115050,116258,100744,80667,165665,103406,23671,6637,2856,1456,909,587,171,202,58,47,66,166,0,1,4,0,2,0,6,5,42
25253,30028,30975,30534,30731,29238,27236,57327,23671,7072,2894,1418,844,500,245,163,254,30,35,28,109,1,2,2,0,0,0,0,1,25
33309,39077,39014,37179,35269,31703,28677,57197,29501,9947,4900,2691,1495,896,469,129,137,48,35,21,143,1,1,5,0,0,0,7,2,39
61874,64128,67832,68487,65684,57192,47254,90983,68444,25963,7074,2708,1293,777,408,171,201,49,35,17,131,1,3,6,0,0,2,4,2,32
48890,69584,75575,80025,84281,80677,77280,163173,59005,8097,1059,267,115,87,71,11,6,2,0,0,30,0,0,0,0,0,0,1,0,5
